1698007473727 -50.34955978393555 0
1698007473858 -64.88050079345703 0
1698007474266 -73.70833587646484 0
1698007474668 -77.9049072265625 0
1698007475064 -78.74822235107422 0
1698007475469 -75.19232177734375 0
1698007475866 -51.652774810791016 0
1698007476270 -79.02862548828125 0
1698007476687 -77.86394500732422 0
1698007477084 -78.0184326171875 0
1698007477481 -78.5653076171875 0
1698007477881 -78.89559936523438 0
1698007478279 -79.07127380371094 0
1698007478680 -79.32327270507812 0
1698007479085 -79.65019989013672 0
1698007479478 -79.97657012939453 0
1698007479874 -80.70508575439453 0
1698007480276 -81.24298095703125 0
1698007480676 -81.988525390625 0
1698007481076 -82.39264678955078 0
1698007481476 -82.777099609375 0
1698007481879 -83.12273406982422 0
1698007482278 -83.80364990234375 0
1698007482678 -84.53661346435547 0
1698007483098 -85.10692596435547 0
1698007483520 -85.64784240722656 0
1698007483927 -86.47798156738281 0
1698007484343 -87.37284851074219 0
1698007484747 -89.13422393798828 0
1698007485174 -90.53433227539062 0
1698007485596 -87.64089965820312 0
1698007486007 -78.5371322631836 0
1698007486408 -89.12915802001953 0
1698007486805 -85.94641876220703 0
1698007487202 -86.88336944580078 0
1698007487613 -87.15631103515625 0
1698007488035 -87.35379791259766 0
1698007488439 -88.33296966552734 0
1698007488854 -89.53472137451172 0
1698007489271 -91.20901489257812 0
1698007489675 -92.27406311035156 0
1698007490078 -93.53792572021484 0
1698007490481 -94.63134002685547 0
1698007490900 -94.96754455566406 0
1698007491317 -95.42671203613281 0
1698007491741 -95.80467224121094 0
1698007492160 -96.5558090209961 0
1698007492590 -97.28312683105469 0
1698007493007 -97.90919494628906 0
1698007493436 -98.31604766845703 0
1698007493872 -98.58470153808594 0
1698007494292 -98.80160522460938 0
1698007494695 -99.12181091308594 0
1698007495123 -99.61769104003906 0
1698007495559 -100.25212097167969 0
1698007495983 -100.54032135009766 0
1698007496392 -100.8199234008789 0
1698007496803 -101.23545837402344 0
1698007497219 -101.45429992675781 0
1698007497643 -102.08251953125 0
1698007498061 -102.2950210571289 0
1698007498498 -102.4822998046875 0
1698007498917 -102.60916137695312 0
1698007499349 -103.25452423095703 0
1698007499781 -103.45308685302734 0
1698007500201 -103.84754180908203 0
1698007500613 -103.92577362060547 0
1698007501023 -104.41273498535156 0
1698007501425 -104.66663360595703 0
1698007501827 -104.99871063232422 0
1698007502232 -105.28324890136719 0
1698007502643 -105.48422241210938 0
1698007503049 -105.59001159667969 0
1698007503447 -105.88812255859375 0
1698007503850 -106.0559310913086 0
1698007504266 -106.38317108154297 0
1698007504675 -106.64544677734375 0
1698007505074 -106.540771484375 0
1698007505476 -106.91177368164062 0
1698007505892 -107.0522689819336 0
1698007506296 -107.32258605957031 0
1698007506698 -107.39505004882812 0
1698007507100 -107.75872039794922 0
1698007507511 -107.90562438964844 0
1698007507913 -108.17643737792969 0
1698007508321 -108.23682403564453 0
1698007508721 -108.38749694824219 0
1698007509120 -108.63056945800781 0
1698007509523 -108.8497085571289 0
1698007509920 -108.74478149414062 0
1698007510326 -108.81704711914062 0
1698007510735 -109.08930969238281 0
1698007511134 -109.47476959228516 0
1698007511531 -109.74759674072266 0
1698007511945 -109.91825103759766 0
1698007512359 -110.04664611816406 0
1698007512759 -110.22509765625 0
1698007513158 -110.34639739990234 0
1698007513561 -110.59602355957031 0
1698007513975 -110.79012298583984 0
1698007514436 -111.10383605957031 0
1698007514884 -111.02242279052734 0
1698007515292 -111.10194396972656 0
1698007515697 -111.28401947021484 0
1698007516121 -111.43282318115234 0
1698007516547 -111.64581298828125 0
1698007516977 -111.96749877929688 0
1698007517401 -112.1958999633789 0
1698007517820 -112.07252502441406 0
1698007518238 -112.0298843383789 0
1698007518655 -112.31855010986328 0
1698007519071 -112.28138732910156 0
1698007519499 -112.44669342041016 0
1698007519909 -112.41604614257812 0
1698007520314 -112.42142486572266 0
1698007520742 -112.63074493408203 0
1698007521174 -112.80667114257812 0
1698007521615 -113.26316833496094 0
1698007522034 -113.20328521728516 0
1698007522446 -113.76864624023438 0
1698007522850 -113.75260925292969 0
1698007523266 -113.60775756835938 0
1698007523695 -113.75362396240234 0
1698007524124 -113.98870086669922 0
1698007524553 -114.0308609008789 0
1698007524984 -114.50707244873047 0
1698007525405 -114.47850036621094 0
1698007525824 -114.31007385253906 0
1698007526241 -114.5645751953125 0
1698007526644 -114.83322143554688 0
1698007527057 -114.69557189941406 0
1698007527490 -115.10415649414062 0
1698007527897 -115.11711120605469 0
1698007528304 -114.2557373046875 0
1698007528719 -113.7749252319336 0
1698007529131 -113.16729736328125 0
1698007529582 -111.77532196044922 0
1698007530020 -110.08815002441406 0
1698007530452 -111.76482391357422 0
1698007530894 -113.7596206665039 0
1698007531296 -113.7615737915039 0
1698007531731 -114.96243286132812 0
1698007532160 -114.34492492675781 0
1698007532594 -114.82035064697266 0
1698007533023 -115.16343688964844 0
1698007533426 -115.84074401855469 0
1698007533833 -116.01588439941406 0
1698007534271 -116.1078109741211 0
1698007534689 -116.58992004394531 0
1698007535114 -116.8730697631836 0
1698007535544 -117.0876235961914 0
1698007535964 -117.1928939819336 0
1698007536373 -117.33099365234375 0
1698007536787 -117.45457458496094 0
1698007537198 -117.6687240600586 0
1698007537612 -117.48648834228516 0
1698007538025 -117.22740936279297 0
1698007538467 -117.35955047607422 0
1698007538901 -117.3496322631836 0
1698007539335 -117.4933853149414 0
1698007539748 -117.3760757446289 0
1698007540159 -117.5345687866211 0
1698007540569 -117.77782440185547 0
1698007540983 -117.80239868164062 0
1698007541399 -117.86397552490234 0
1698007541825 -117.65779876708984 0
1698007542262 -118.13495635986328 0
1698007542670 -118.66582489013672 0
1698007543078 -118.61143493652344 0
1698007543483 -118.73274993896484 0
1698007543890 -118.75895690917969 0
1698007544294 -119.0247573852539 0
1698007544699 -119.27802276611328 0
1698007545120 -119.11229705810547 0
1698007545560 -119.16202545166016 0
1698007545996 -118.8909683227539 0
1698007546435 -118.97085571289062 0
1698007546879 -118.3449935913086 0
1698007547303 -119.10769653320312 0
1698007547717 -119.7320556640625 0
1698007548131 -119.77743530273438 0
1698007548551 -119.92826843261719 0
1698007548962 -119.93173217773438 0
1698007549379 -119.49942016601562 0
1698007549803 -119.866943359375 0
1698007550211 -120.13150024414062 0
1698007550624 -120.39781188964844 0
1698007551031 -120.4202880859375 0
1698007551440 -120.27224731445312 0
1698007551846 -120.17487335205078 0
1698007552268 -119.9850845336914 0
1698007552680 -119.81394958496094 0
1698007553096 -120.15827178955078 0
1698007553503 -120.56588745117188 0
1698007553909 -120.95738220214844 0
1698007554318 -121.54196166992188 0
1698007554760 -121.6150131225586 0
1698007555161 -121.63843536376953 0
1698007555564 -121.37737274169922 0
1698007555969 -121.30514526367188 0
1698007556413 -120.83588409423828 0
1698007556853 -120.71179962158203 0
1698007557271 -119.67505645751953 0
1698007557683 -119.41344451904297 0
1698007558124 -120.34832000732422 0
1698007558534 -119.86934661865234 0
1698007558953 -117.4475326538086 0
1698007559368 -113.61492156982422 0
1698007559779 -112.65497589111328 0
1698007560217 -114.07084655761719 0
1698007560658 -114.94377136230469 0
1698007561100 -116.71654510498047 0
1698007561544 -118.5452880859375 0
1698007561953 -119.20674896240234 0
1698007562366 -119.25041961669922 0
1698007562810 -119.39317321777344 0
1698007563218 -119.76700592041016 0
1698007563648 -119.51607513427734 0
1698007564090 -120.84508514404297 0
1698007564499 -120.49669647216797 0
1698007564920 -120.68172454833984 0
1698007565325 -121.05197143554688 0
1698007565741 -121.18717193603516 0
1698007566155 -121.02589416503906 0
1698007566563 -121.30299377441406 0
1698007566966 -121.74853515625 0
1698007567383 -122.23713684082031 0
1698007567791 -121.44721984863281 0
1698007568195 -121.79129791259766 0
1698007568606 -121.95865631103516 0
1698007569012 -122.22119903564453 0
1698007569419 -122.42289733886719 0
1698007569833 -122.02277374267578 0
1698007570239 -121.77017211914062 0
1698007570643 -122.30976104736328 0
1698007571052 -122.45399475097656 0
1698007571455 -122.20906829833984 0
1698007571863 -122.64178466796875 0
1698007572269 -121.65625 0
1698007572673 -121.33503723144531 0
1698007573080 -120.60059356689453 0
1698007573486 -119.95082092285156 0
1698007573892 -117.49788665771484 0
1698007574297 -117.27896881103516 0
1698007574703 -118.43452453613281 0
1698007575107 -120.48741912841797 0
1698007575515 -120.74877166748047 0
1698007575920 -121.87774658203125 0
1698007576331 -120.96842193603516 0
1698007576739 -121.14067077636719 0
1698007577153 -120.20755004882812 0
1698007577566 -119.1053466796875 0
1698007577973 -119.9990005493164 0
1698007578377 -120.8541488647461 0
1698007578788 -121.42317199707031 0
1698007579196 -121.8460693359375 0
1698007579609 -123.2249755859375 0
1698007580015 -122.7042465209961 0
1698007580421 -123.65583801269531 0
1698007580826 -123.62994384765625 0
1698007581233 -123.46464538574219 0
1698007581641 -123.61358642578125 0
1698007582047 -124.28732299804688 0
1698007582486 -124.86756896972656 0
1698007582927 -125.2427978515625 0
1698007583337 -125.5346450805664 0
1698007583742 -125.65272521972656 0
1698007584159 -125.71859741210938 0
1698007584571 -125.768798828125 0
1698007584983 -126.157958984375 0
1698007585395 -126.1063232421875 0
1698007585812 -126.19181060791016 0
1698007586234 -126.52653503417969 0
1698007586650 -126.36002349853516 0
1698007587063 -126.62427520751953 0
1698007587478 -124.99929809570312 0
1698007587897 -125.51396942138672 0
1698007588315 -126.27484893798828 0
1698007588751 -126.09614562988281 0
1698007589183 -126.37592315673828 0
1698007589593 -126.43476104736328 0
1698007590009 -126.3615951538086 0
1698007590419 -126.63782501220703 0
1698007590830 -126.52704620361328 0
1698007591239 -126.6064224243164 0
1698007591652 -124.22135925292969 0
1698007592056 -124.65608215332031 0
1698007592476 -123.5542221069336 0
1698007592896 -124.09712219238281 0
1698007593310 -124.7924575805664 0
1698007593738 -125.23059844970703 0
1698007594150 -125.04617309570312 0
1698007594563 -125.34941864013672 0
1698007594973 -126.15422058105469 0
1698007595384 -126.16219329833984 0
1698007595809 -126.03754425048828 0
1698007596232 -126.53550720214844 0
1698007596649 -127.29341888427734 0
1698007597076 -127.35994720458984 0
1698007597495 -127.35215759277344 0
1698007597912 -127.35943603515625 0
1698007598326 -127.69719696044922 0
1698007598736 -127.9072494506836 0
1698007599148 -127.77757263183594 0
1698007599567 -127.90879821777344 0
1698007599984 -126.95610046386719 0
1698007600397 -127.994873046875 0
1698007600817 -128.0900115966797 0
1698007601229 -127.80388641357422 0
1698007601639 -128.01339721679688 0
1698007602061 -128.16937255859375 0
1698007602481 -128.41392517089844 0
1698007602889 -128.43557739257812 0
1698007603301 -128.51792907714844 0
1698007603712 -128.70994567871094 0
1698007604137 -128.92031860351562 0
1698007604552 -129.0137176513672 0
1698007604980 -128.9697723388672 0
1698007605392 -129.0968017578125 0
1698007605808 -129.32632446289062 0
1698007606220 -129.32516479492188 0
1698007606627 -129.36012268066406 0
1698007607038 -129.4735870361328 0
1698007607448 -129.62010192871094 0
1698007607862 -129.6043701171875 0
1698007608271 -129.64146423339844 0
1698007608689 -129.6976776123047 0
1698007609098 -129.73550415039062 0
1698007609517 -129.81983947753906 0
1698007609928 -129.8443145751953 0
1698007610339 -129.8596954345703 0
1698007610765 -130.03268432617188 0
1698007611177 -129.93557739257812 0
1698007611591 -130.025390625 0
1698007611998 -130.10382080078125 0
1698007612409 -130.2005615234375 0
1698007612819 -130.20433044433594 0
1698007613236 -130.22511291503906 0
1698007613652 -130.2251739501953 0
1698007614060 -130.28970336914062 0
1698007614474 -130.34519958496094 0
1698007614895 -130.33428955078125 0
1698007615310 -130.34715270996094 0
1698007615722 -130.3939666748047 0
1698007616134 -130.37625122070312 0
1698007616544 -130.4630126953125 0
1698007616959 -130.5 0
1698007617367 -130.5155487060547 0
1698007617795 -130.45321655273438 0
1698007618214 -130.44898986816406 0
1698007618644 -130.5762481689453 0
1698007619061 -130.4889678955078 0
1698007619473 -130.5854034423828 0
1698007619893 -130.6451416015625 0
1698007620308 -130.6338653564453 0
1698007620722 -130.69134521484375 0
1698007621139 -130.71839904785156 0
1698007621556 -130.72567749023438 0
1698007621966 -130.75332641601562 0
1698007622394 -130.85772705078125 0
1698007622816 -130.84544372558594 0
1698007623250 -130.78892517089844 0
1698007623662 -130.91448974609375 0
1698007624102 -130.8636016845703 0
1698007624542 -130.89077758789062 0
1698007624962 -130.86795043945312 0
1698007625378 -130.9667205810547 0
1698007625807 -130.96820068359375 0
1698007626237 -131.01681518554688 0
1698007626683 -130.99627685546875 0
1698007627108 -131.0481414794922 0
1698007627542 -131.02581787109375 0
1698007627960 -131.11630249023438 0
1698007628402 -131.15309143066406 0
1698007628826 -131.1456756591797 0
1698007629266 -131.1861572265625 0
1698007629691 -131.23281860351562 0
1698007630104 -131.22142028808594 0
1698007630542 -131.22817993164062 0
1698007630995 -131.240966796875 0
1698007631406 -131.29945373535156 0
1698007631827 -131.310302734375 0
1698007632246 -131.296875 0
1698007632700 -131.3730010986328 0
1698007633132 -131.43170166015625 0
1698007633560 -131.3927001953125 0
1698007634010 -131.44137573242188 0
1698007634466 -131.5143280029297 0
1698007634923 -131.44912719726562 0
1698007635350 -131.4893035888672 0
1698007635788 -131.51976013183594 0
1698007636205 -131.54754638671875 0
1698007636624 -131.5864715576172 0
