1698007473801 185.7570037841797 0
1698007474248 107.18419647216797 0
1698007474651 76.5238037109375 0
1698007475050 74.87052154541016 0
1698007475452 97.56059265136719 0
1698007475849 222.38409423828125 0
1698007476251 723.3362426757812 0
1698007476668 101.37631225585938 0
1698007477067 81.5112533569336 0
1698007477464 73.5029296875 0
1698007477863 68.18238067626953 0
1698007478261 64.08917999267578 0
1698007478660 63.4880485534668 0
1698007479059 64.18016815185547 0
1698007479462 65.26851654052734 0
1698007479860 67.47138977050781 0
1698007480260 67.07002258300781 0
1698007480659 70.46688842773438 0
1698007481058 75.43050384521484 0
1698007481458 79.4849624633789 0
1698007481860 83.82379150390625 0
1698007482260 84.91097259521484 0
1698007482660 80.08934020996094 0
1698007483075 75.3663101196289 0
1698007483503 72.22595977783203 0
1698007483910 71.90828704833984 0
1698007484324 74.37439727783203 0
1698007484732 82.8236312866211 0
1698007485157 99.91934204101562 0
1698007485580 133.83792114257812 0
1698007485987 187.87879943847656 0
1698007486389 253.9176483154297 0
1698007486789 116.30793762207031 0
1698007487188 97.04652404785156 0
1698007487595 81.148681640625 0
1698007488015 76.34310913085938 0
1698007488419 73.64234161376953 0
1698007488839 75.38815307617188 0
1698007489253 88.41494750976562 0
1698007489660 100.34831237792969 0
1698007490061 114.24183654785156 0
1698007490464 122.52722930908203 0
1698007490885 129.82376098632812 0
1698007491300 136.9810791015625 0
1698007491722 142.4350128173828 0
1698007492145 150.76133728027344 0
1698007492574 145.9394073486328 0
1698007492990 139.53970336914062 0
1698007493421 133.6891326904297 0
1698007493853 126.34182739257812 0
1698007494275 119.9189682006836 0
1698007494680 119.97200775146484 0
1698007495107 117.14282989501953 0
1698007495540 121.74061584472656 0
1698007495967 121.84037017822266 0
1698007496376 126.45040893554688 0
1698007496787 125.20812225341797 0
1698007497198 124.78521728515625 0
1698007497624 123.09200286865234 0
1698007498046 117.85936737060547 0
1698007498483 115.39388275146484 0
1698007498901 111.88816833496094 0
1698007499333 108.60478210449219 0
1698007499766 107.28289794921875 0
1698007500187 106.21407318115234 0
1698007500596 107.5146484375 0
1698007501004 107.4566879272461 0
1698007501409 108.18754577636719 0
1698007501812 110.14034271240234 0
1698007502216 104.4705810546875 0
1698007502629 102.75820922851562 0
1698007503029 102.1402359008789 0
1698007503431 97.36814880371094 0
1698007503831 97.45487213134766 0
1698007504249 98.05020904541016 0
1698007504659 97.40935516357422 0
1698007505059 97.80357360839844 0
1698007505458 98.48450469970703 0
1698007505875 97.72705841064453 0
1698007506280 97.3196792602539 0
1698007506680 94.5126724243164 0
1698007507085 95.02992248535156 0
1698007507493 91.74079132080078 0
1698007507896 89.14006042480469 0
1698007508304 91.6823501586914 0
1698007508703 92.58811950683594 0
1698007509106 90.3429183959961 0
1698007509505 88.70504760742188 0
1698007509904 88.2015609741211 0
1698007510312 85.83539581298828 0
1698007510720 86.55511474609375 0
1698007511120 84.66863250732422 0
1698007511519 84.46949768066406 0
1698007511929 84.74443817138672 0
1698007512342 84.01475524902344 0
1698007512746 85.09648132324219 0
1698007513146 84.36398315429688 0
1698007513548 82.48162841796875 0
1698007513962 80.7486343383789 0
1698007514418 78.61856842041016 0
1698007514865 78.29232025146484 0
1698007515274 78.72335052490234 0
1698007515682 81.74967956542969 0
1698007516106 81.32623291015625 0
1698007516529 79.3516845703125 0
1698007516959 77.58563995361328 0
1698007517385 74.65409851074219 0
1698007517802 74.85436248779297 0
1698007518223 76.38208770751953 0
1698007518640 77.73529052734375 0
1698007519055 75.95173645019531 0
1698007519482 74.63239288330078 0
1698007519892 73.7281723022461 0
1698007520299 74.38941955566406 0
1698007520722 73.63925170898438 0
1698007521158 73.4150161743164 0
1698007521597 72.02120971679688 0
1698007522019 70.67231750488281 0
1698007522431 68.17141723632812 0
1698007522834 70.64459228515625 0
1698007523248 72.70285034179688 0
1698007523676 71.27342987060547 0
1698007524109 69.46623992919922 0
1698007524539 65.8039321899414 0
1698007524968 64.89249420166016 0
1698007525387 65.45462799072266 0
1698007525804 67.09217071533203 0
1698007526227 69.9305191040039 0
1698007526629 69.85774993896484 0
1698007527041 68.83648681640625 0
1698007527472 66.06493377685547 0
1698007527879 62.310577392578125 0
1698007528286 62.118247985839844 0
1698007528703 67.56948852539062 0
1698007529119 71.64033508300781 0
1698007529564 73.47457122802734 0
1698007530001 74.21730041503906 0
1698007530436 77.53562927246094 0
1698007530876 68.66255187988281 0
1698007531279 61.612998962402344 0
1698007531716 65.8366470336914 0
1698007532145 64.80370330810547 0
1698007532577 71.2799301147461 0
1698007533002 69.27135467529297 0
1698007533408 68.34054565429688 0
1698007533819 64.1690444946289 0
1698007534251 60.655975341796875 0
1698007534672 57.10041809082031 0
1698007535099 55.75617980957031 0
1698007535523 58.811798095703125 0
1698007535944 59.94278335571289 0
1698007536359 59.74021911621094 0
1698007536769 60.997406005859375 0
1698007537180 60.91974639892578 0
1698007537592 58.31092071533203 0
1698007538013 56.87474822998047 0
1698007538447 57.5609016418457 0
1698007538881 56.371788024902344 0
1698007539319 55.86504364013672 0
1698007539727 56.674835205078125 0
1698007540141 59.78038787841797 0
1698007540550 57.86209487915039 0
1698007540966 57.28297805786133 0
1698007541380 55.972591400146484 0
1698007541804 56.37702560424805 0
1698007542246 57.476280212402344 0
1698007542655 54.0388069152832 0
1698007543061 51.84402084350586 0
1698007543466 54.56589889526367 0
1698007543871 54.55154037475586 0
1698007544276 54.557376861572266 0
1698007544681 53.21177291870117 0
1698007545101 51.4802131652832 0
1698007545540 50.635414123535156 0
1698007545983 50.87534713745117 0
1698007546422 52.82304763793945 0
1698007546864 50.643558502197266 0
1698007547288 52.555145263671875 0
1698007547703 50.79611587524414 0
1698007548115 47.21449661254883 0
1698007548533 48.12314224243164 0
1698007548944 48.73881912231445 0
1698007549362 50.15813446044922 0
1698007549785 52.64580154418945 0
1698007550195 49.92170715332031 0
1698007550612 47.087059020996094 0
1698007551018 45.09397506713867 0
1698007551426 44.96857833862305 0
1698007551834 44.2802734375 0
1698007552254 46.72815704345703 0
1698007552666 47.68482971191406 0
1698007553085 46.55168914794922 0
1698007553492 47.62178039550781 0
1698007553897 46.799522399902344 0
1698007554306 44.323848724365234 0
1698007554740 41.64512634277344 0
1698007555147 40.34142303466797 0
1698007555553 39.79261016845703 0
1698007555957 40.94954299926758 0
1698007556397 41.989070892333984 0
1698007556837 47.124107360839844 0
1698007557256 46.181278228759766 0
1698007557668 49.71569061279297 0
1698007558105 51.35932922363281 0
1698007558516 46.27592086791992 0
1698007558935 46.246063232421875 0
1698007559350 68.2066650390625 0
1698007559761 107.1542739868164 0
1698007560200 88.99943542480469 0
1698007560641 70.29780578613281 0
1698007561084 62.074920654296875 0
1698007561529 50.53657531738281 0
1698007561939 45.82648849487305 0
1698007562347 45.80583190917969 0
1698007562790 49.14207458496094 0
1698007563201 50.604591369628906 0
1698007563629 53.16126251220703 0
1698007564072 55.13431167602539 0
1698007564479 47.20050811767578 0
1698007564907 47.58081817626953 0
1698007565313 44.56832504272461 0
1698007565729 42.15815353393555 0
1698007566143 41.6484260559082 0
1698007566550 42.26089096069336 0
1698007566956 43.358177185058594 0
1698007567372 43.52309036254883 0
1698007567778 41.14110565185547 0
1698007568184 46.77507781982422 0
1698007568594 44.407352447509766 0
1698007569001 41.958988189697266 0
1698007569407 38.95413589477539 0
1698007569819 36.73870849609375 0
1698007570227 36.84403610229492 0
1698007570633 41.71578598022461 0
1698007571039 38.48853302001953 0
1698007571445 39.593685150146484 0
1698007571850 41.64691925048828 0
1698007572256 39.49050521850586 0
1698007572662 41.31806564331055 0
1698007573068 40.9727783203125 0
1698007573474 42.4164924621582 0
1698007573879 45.30216979980469 0
1698007574286 55.210174560546875 0
1698007574691 56.68228530883789 0
1698007575097 54.09610366821289 0
1698007575503 46.02211380004883 0
1698007575909 41.555599212646484 0
1698007576320 37.498077392578125 0
1698007576726 41.44738006591797 0
1698007577140 48.193931579589844 0
1698007577553 68.01239776611328 0
1698007577959 49.67082977294922 0
1698007578365 48.18278121948242 0
1698007578772 43.26179122924805 0
1698007579178 43.39421844482422 0
1698007579585 37.441043853759766 0
1698007579997 33.88269805908203 0
1698007580403 38.55852508544922 0
1698007580809 37.1953239440918 0
1698007581216 37.74689483642578 0
1698007581623 38.54846954345703 0
1698007582029 35.104679107666016 0
1698007582467 31.43423080444336 0
1698007582907 29.42284393310547 0
1698007583318 28.705354690551758 0
1698007583727 28.604061126708984 0
1698007584141 29.46883201599121 0
1698007584553 28.2735538482666 0
1698007584965 27.196075439453125 0
1698007585379 25.37265968322754 0
1698007585795 25.066972732543945 0
1698007586219 25.086027145385742 0
1698007586634 24.782745361328125 0
1698007587045 26.078750610351562 0
1698007587464 25.16939353942871 0
1698007587879 29.79340171813965 0
1698007588299 28.25937271118164 0
1698007588738 25.71122932434082 0
1698007589166 25.5438289642334 0
1698007589576 23.534578323364258 0
1698007589989 22.980031967163086 0
1698007590404 24.668743133544922 0
1698007590812 25.201940536499023 0
1698007591224 25.521635055541992 0
1698007591634 25.82917022705078 0
1698007592041 30.032886505126953 0
1698007592458 29.074148178100586 0
1698007592875 40.13435363769531 0
1698007593296 36.26517105102539 0
1698007593719 34.37796401977539 0
1698007594135 27.58932876586914 0
1698007594545 27.24712562561035 0
1698007594959 28.16883659362793 0
1698007595371 27.834163665771484 0
1698007595794 29.238765716552734 0
1698007596218 29.883121490478516 0
1698007596638 27.330976486206055 0
1698007597060 23.465126037597656 0
1698007597480 21.582368850708008 0
1698007597895 20.371444702148438 0
1698007598308 20.844324111938477 0
1698007598718 20.92527961730957 0
1698007599130 20.961740493774414 0
1698007599549 22.560365676879883 0
1698007599968 21.872644424438477 0
1698007600379 24.26627540588379 0
1698007600799 20.674760818481445 0
1698007601214 20.388317108154297 0
1698007601624 20.083091735839844 0
1698007602043 19.413822174072266 0
1698007602463 19.75061798095703 0
1698007602872 19.73337173461914 0
1698007603285 20.36928939819336 0
1698007603695 21.36378288269043 0
1698007604118 19.418659210205078 0
1698007604535 17.700077056884766 0
1698007604964 16.54296875 0
1698007605377 16.249788284301758 0
1698007605792 16.120540618896484 0
1698007606203 16.29750633239746 0
1698007606613 16.537649154663086 0
1698007607024 16.668533325195312 0
1698007607434 16.027311325073242 0
1698007607845 14.949213027954102 0
1698007608255 14.476383209228516 0
1698007608670 13.868413925170898 0
1698007609086 13.972415924072266 0
1698007609504 14.574014663696289 0
1698007609914 14.431577682495117 0
1698007610327 14.285307884216309 0
1698007610749 14.38150691986084 0
1698007611160 13.520339965820312 0
1698007611574 13.419842720031738 0
1698007611983 12.896263122558594 0
1698007612393 12.824492454528809 0
1698007612804 12.711607933044434 0
1698007613218 12.975354194641113 0
1698007613636 12.965883255004883 0
1698007614046 12.920687675476074 0
1698007614459 12.510725975036621 0
1698007614882 12.375905990600586 0
1698007615295 12.503301620483398 0
1698007615707 12.38937759399414 0
1698007616120 12.189757347106934 0
1698007616530 12.611454010009766 0
1698007616941 12.45731258392334 0
1698007617353 12.025863647460938 0
1698007617774 12.131865501403809 0
1698007618196 12.261938095092773 0
1698007618627 11.929526329040527 0
1698007619045 11.767766952514648 0
1698007619459 12.134636878967285 0
1698007619874 12.042141914367676 0
1698007620291 12.403044700622559 0
1698007620706 11.945931434631348 0
1698007621126 11.527384757995605 0
1698007621541 11.105762481689453 0
1698007621952 10.958154678344727 0
1698007622376 10.772149085998535 0
1698007622797 10.766718864440918 0
1698007623232 11.061578750610352 0
1698007623644 11.287035942077637 0
1698007624083 11.038341522216797 0
1698007624522 11.296284675598145 0
1698007624946 11.055896759033203 0
1698007625361 10.834721565246582 0
1698007625791 10.709206581115723 0
1698007626219 10.604411125183105 0
1698007626665 10.268630027770996 0
1698007627092 9.92497444152832 0
1698007627527 9.804298400878906 0
1698007627945 10.003430366516113 0
1698007628385 9.739286422729492 0
1698007628809 10.230570793151855 0
1698007629247 10.27942180633545 0
1698007629671 9.977923393249512 0
1698007630088 9.609601974487305 0
1698007630525 9.45779800415039 0
1698007630978 9.34216022491455 0
1698007631395 9.438467979431152 0
1698007631813 9.791219711303711 0
1698007632234 10.259666442871094 0
1698007632687 10.001501083374023 0
1698007633120 9.608304023742676 0
1698007633547 9.155000686645508 0
1698007633999 9.15828800201416 0
1698007634453 9.010836601257324 0
1698007634906 8.837812423706055 0
1698007635331 9.270805358886719 0
1698007635773 9.145723342895508 0
1698007636190 9.064535140991211 0
1698007636605 8.65043830871582 0
1698007637017 8.510055541992188 0
