1697708348941 -50.64045333862305 0
1697708349037 -53.986812591552734 0
1697708349427 -57.15289306640625 0
1697708349846 -60.160186767578125 0
1697708350257 -62.70130920410156 0
1697708350697 -65.24510955810547 0
1697708351120 -67.40748596191406 0
1697708351532 -69.59114837646484 0
1697708351938 -71.49117279052734 0
1697708352349 -73.12431335449219 0
1697708352794 -74.5579833984375 0
1697708353230 -75.8990249633789 0
1697708353679 -76.91873168945312 0
1697708354125 -77.9030990600586 0
1697708354578 -78.48468017578125 0
1697708354998 -79.08232116699219 0
1697708355431 -79.7000961303711 0
1697708355842 -80.37873077392578 0
1697708356251 -80.83736419677734 0
1697708356658 -81.65797424316406 0
1697708357072 -82.23455810546875 0
1697708357481 -82.47822570800781 0
1697708357891 -82.31578826904297 0
1697708358299 -83.14442443847656 0
1697708358710 -84.6446304321289 0
1697708359117 -85.41812133789062 0
1697708359529 -85.8880386352539 0
1697708359938 -86.1705093383789 0
1697708360350 -86.42024993896484 0
1697708360759 -86.8630599975586 0
1697708361166 -87.37600708007812 0
1697708361577 -87.47242736816406 0
1697708361987 -87.5628890991211 0
1697708362397 -87.48863220214844 0
1697708362811 -87.5208740234375 0
1697708363220 -87.84064483642578 0
1697708363644 -88.18047332763672 0
1697708364053 -88.3121109008789 0
1697708364492 -88.47346496582031 0
1697708364936 -88.43453216552734 0
1697708365373 -88.8766860961914 0
1697708365824 -88.84015655517578 0
1697708366259 -89.22000122070312 0
1697708366671 -89.28495025634766 0
1697708367092 -89.65306091308594 0
1697708367532 -89.8700942993164 0
1697708367970 -89.93685150146484 0
1697708368382 -90.10333251953125 0
1697708368796 -90.37625122070312 0
1697708369241 -90.37976837158203 0
1697708369687 -90.59255981445312 0
1697708370130 -90.7506332397461 0
1697708370579 -90.76789855957031 0
1697708371016 -90.82738494873047 0
1697708371447 -90.9820785522461 0
1697708371899 -91.2484130859375 0
1697708372330 -91.38923645019531 0
1697708372744 -91.39564514160156 0
1697708373154 -91.43592071533203 0
1697708373575 -91.45661926269531 0
1697708373988 -91.69564056396484 0
1697708374398 -91.69097900390625 0
1697708374808 -91.81430053710938 0
1697708375217 -91.91754913330078 0
1697708375630 -91.82485961914062 0
1697708376041 -91.99169921875 0
1697708376450 -92.24401092529297 0
1697708376863 -92.26817321777344 0
1697708377274 -92.28520965576172 0
1697708377685 -92.23078155517578 0
1697708378096 -92.47572326660156 0
1697708378506 -92.4381332397461 0
1697708378917 -92.66091918945312 0
1697708379327 -92.57679748535156 0
1697708379739 -92.67354583740234 0
1697708380151 -92.71804809570312 0
1697708380563 -92.8591537475586 0
1697708380974 -92.83229064941406 0
1697708381382 -93.15120697021484 0
1697708381792 -93.0912094116211 0
1697708382207 -93.0562744140625 0
1697708382617 -93.24077606201172 0
1697708383025 -93.20233154296875 0
1697708383445 -93.35245513916016 0
1697708383861 -93.25234985351562 0
1697708384271 -93.53134155273438 0
1697708384684 -93.45732116699219 0
1697708385097 -93.53763580322266 0
1697708385509 -93.81298828125 0
1697708385920 -93.58362579345703 0
1697708386330 -93.69113159179688 0
1697708386741 -93.8777084350586 0
1697708387151 -94.17609405517578 0
1697708387563 -94.05366516113281 0
1697708387974 -93.98500061035156 0
1697708388387 -94.21468353271484 0
1697708388795 -94.2646255493164 0
1697708389205 -94.16461944580078 0
1697708389618 -94.23917388916016 0
1697708390030 -94.37118530273438 0
1697708390440 -94.49526977539062 0
1697708390849 -94.59185028076172 0
1697708391262 -94.61058807373047 0
1697708391672 -94.68741607666016 0
1697708392083 -94.71040344238281 0
1697708392495 -94.8733139038086 0
1697708392904 -94.9239273071289 0
1697708393318 -94.85775756835938 0
1697708393743 -95.05064392089844 0
1697708394154 -94.99668884277344 0
1697708394567 -95.13407135009766 0
1697708394978 -95.18087005615234 0
1697708395387 -95.34008026123047 0
1697708395797 -95.4437255859375 0
1697708396211 -95.40969848632812 0
1697708396622 -95.45861053466797 0
1697708397034 -95.64546966552734 0
1697708397443 -95.53666687011719 0
1697708397855 -95.74859619140625 0
1697708398265 -95.68275451660156 0
1697708398679 -95.78262329101562 0
1697708399090 -95.92525482177734 0
1697708399502 -95.91769409179688 0
1697708399911 -96.05545043945312 0
1697708400322 -96.09371185302734 0
1697708400736 -96.1944808959961 0
1697708401146 -96.10090637207031 0
1697708401559 -96.09233856201172 0
1697708401971 -96.42163848876953 0
1697708402384 -96.30767059326172 0
1697708402794 -96.47442626953125 0
1697708403205 -96.4858627319336 0
1697708403630 -96.51591491699219 0
1697708404039 -96.74370574951172 0
1697708404451 -96.76687622070312 0
1697708404864 -96.64830780029297 0
1697708405276 -96.67744445800781 0
1697708405687 -96.98797607421875 0
1697708406099 -96.8726577758789 0
1697708406515 -96.98745727539062 0
1697708406925 -96.91083526611328 0
1697708407338 -97.07780456542969 0
1697708407751 -96.972412109375 0
1697708408160 -97.09013366699219 0
1697708408574 -97.24813842773438 0
1697708408987 -97.37676239013672 0
1697708409398 -97.47885131835938 0
1697708409809 -97.33970642089844 0
1697708410219 -97.50676727294922 0
1697708410633 -97.55501556396484 0
1697708411042 -97.62387084960938 0
1697708411455 -97.61795043945312 0
1697708411866 -97.73873901367188 0
1697708412279 -97.71792602539062 0
1697708412691 -97.8840103149414 0
1697708413101 -97.81529998779297 0
1697708413523 -97.984619140625 0
1697708413935 -97.93587493896484 0
1697708414346 -98.11930084228516 0
1697708414758 -98.1636962890625 0
1697708415169 -98.19478607177734 0
1697708415582 -98.09976959228516 0
1697708415994 -98.19583129882812 0
1697708416407 -98.1417236328125 0
1697708416819 -98.32579803466797 0
1697708417230 -98.62171936035156 0
1697708417638 -98.56575012207031 0
1697708418051 -98.59561920166016 0
1697708418461 -98.64824676513672 0
1697708418875 -98.67559814453125 0
1697708419287 -98.6120376586914 0
1697708419698 -98.85328674316406 0
1697708420109 -98.7059097290039 0
1697708420521 -98.72698211669922 0
1697708420930 -98.93161010742188 0
1697708421341 -98.9620361328125 0
1697708421755 -99.0719223022461 0
1697708422167 -99.1517562866211 0
1697708422580 -99.1937484741211 0
1697708422988 -99.27154541015625 0
1697708423402 -99.31575012207031 0
1697708423831 -99.47313690185547 0
1697708424241 -99.54666137695312 0
1697708424654 -99.40766906738281 0
1697708425066 -99.60391998291016 0
1697708425477 -99.40628051757812 0
1697708425889 -99.55120086669922 0
1697708426302 -99.5892562866211 0
1697708426712 -99.58745574951172 0
1697708427123 -99.69222259521484 0
1697708427534 -99.72815704345703 0
1697708427944 -99.7643814086914 0
1697708428360 -99.82418060302734 0
1697708428771 -99.92201232910156 0
1697708429182 -100.02967071533203 0
1697708429595 -100.15286254882812 0
1697708430007 -100.03887176513672 0
1697708430419 -100.2282943725586 0
1697708430829 -100.24652099609375 0
1697708431243 -100.23724365234375 0
1697708431653 -100.43824005126953 0
1697708432067 -100.35963439941406 0
1697708432480 -100.32987213134766 0
1697708432892 -100.57585906982422 0
1697708433304 -100.51791381835938 0
1697708433724 -100.55265045166016 0
1697708434140 -100.55078887939453 0
1697708434549 -100.66900634765625 0
1697708434961 -100.65563201904297 0
1697708435373 -100.66009521484375 0
1697708435787 -100.72442626953125 0
1697708436199 -100.72950744628906 0
1697708436612 -100.80220031738281 0
1697708437024 -100.90161895751953 0
1697708437433 -100.94368743896484 0
1697708437846 -100.86602020263672 0
1697708438258 -100.9737319946289 0
1697708438671 -101.08746337890625 0
1697708439083 -101.1496353149414 0
1697708439495 -101.21548461914062 0
1697708439901 -101.26557159423828 0
1697708440318 -101.3339614868164 0
1697708440731 -101.26602935791016 0
1697708441143 -101.27672576904297 0
1697708441556 -101.49483489990234 0
1697708441967 -101.50305938720703 0
1697708442378 -101.58089447021484 0
1697708442791 -101.61804962158203 0
1697708443200 -101.57943725585938 0
1697708443626 -101.67450714111328 0
1697708444039 -101.69230651855469 0
1697708444451 -101.69081115722656 0
1697708444864 -101.91439819335938 0
1697708445274 -101.82794952392578 0
1697708445686 -101.7872314453125 0
1697708446097 -101.9488754272461 0
1697708446508 -101.95743560791016 0
1697708446917 -101.9641342163086 0
1697708447331 -102.11259460449219 0
1697708447745 -102.12674713134766 0
1697708448155 -102.2926025390625 0
1697708448570 -102.11299896240234 0
1697708448981 -102.25532531738281 0
1697708449393 -102.44813537597656 0
1697708449806 -102.31428527832031 0
1697708450215 -102.32839965820312 0
1697708450625 -102.3677978515625 0
1697708451041 -102.36964416503906 0
1697708451451 -102.59722900390625 0
1697708451862 -102.53007507324219 0
1697708452275 -102.69175720214844 0
1697708452688 -102.56210327148438 0
1697708453097 -102.60720825195312 0
1697708453524 -102.72757720947266 0
1697708453934 -102.77164459228516 0
1697708454346 -102.76011657714844 0
1697708454757 -102.90775299072266 0
1697708455171 -102.82274627685547 0
1697708455583 -102.97077178955078 0
1697708455992 -103.12091827392578 0
1697708456406 -103.03996276855469 0
1697708456817 -103.18804931640625 0
1697708457231 -103.08782196044922 0
1697708457641 -103.0738296508789 0
1697708458056 -103.28238677978516 0
1697708458464 -103.1884994506836 0
1697708458880 -103.40269470214844 0
1697708459292 -103.28020477294922 0
1697708459703 -103.43531036376953 0
1697708460118 -103.39598846435547 0
1697708460527 -103.47280883789062 0
1697708460940 -103.5684814453125 0
1697708461350 -103.45073699951172 0
1697708461764 -103.61470031738281 0
1697708462178 -103.735107421875 0
1697708462591 -103.78602600097656 0
1697708463005 -103.70658111572266 0
1697708463426 -103.80357360839844 0
1697708463845 -103.76962280273438 0
1697708464258 -103.93049621582031 0
1697708464673 -103.83055114746094 0
1697708465085 -103.99588775634766 0
1697708465499 -104.11711883544922 0
1697708465915 -104.08135986328125 0
1697708466328 -104.01263427734375 0
1697708466742 -104.08233642578125 0
1697708467152 -104.34071350097656 0
1697708467568 -104.18819427490234 0
1697708467982 -104.29949951171875 0
1697708468393 -104.34143829345703 0
1697708468810 -104.55633544921875 0
1697708469224 -104.45181274414062 0
1697708469637 -104.42346954345703 0
1697708470052 -104.59613037109375 0
1697708470464 -104.58657836914062 0
1697708470879 -104.6622314453125 0
1697708471292 -104.43991088867188 0
1697708471707 -104.50019073486328 0
1697708472117 -104.61747741699219 0
1697708472530 -104.67841339111328 0
1697708472947 -104.77234649658203 0
1697708473359 -104.82044982910156 0
1697708473787 -104.80022430419922 0
1697708474197 -104.8259506225586 0
1697708474613 -104.8600082397461 0
1697708475024 -104.89144897460938 0
1697708475440 -104.88594818115234 0
1697708475856 -104.91336059570312 0
1697708476267 -105.02352142333984 0
1697708476682 -104.8995132446289 0
1697708477095 -104.98594665527344 0
1697708477507 -104.91919708251953 0
1697708477922 -105.102294921875 0
1697708478332 -105.21428680419922 0
1697708478746 -105.07007598876953 0
1697708479162 -105.20912170410156 0
1697708479576 -105.35047149658203 0
1697708479991 -105.34465789794922 0
1697708480401 -105.5052490234375 0
1697708480815 -105.33085632324219 0
1697708481226 -105.44742584228516 0
1697708481641 -105.5709228515625 0
1697708482054 -105.54854583740234 0
1697708482471 -105.7184066772461 0
1697708482882 -105.8156967163086 0
1697708483298 -105.90967559814453 0
1697708483723 -105.73899841308594 0
1697708484136 -105.75497436523438 0
1697708484550 -105.89009857177734 0
1697708484962 -105.89559936523438 0
1697708485374 -105.88819885253906 0
1697708485787 -105.75244903564453 0
1697708486202 -105.8820571899414 0
1697708486617 -105.99964904785156 0
1697708487028 -105.91065979003906 0
1697708487443 -106.11936950683594 0
1697708487857 -106.11329650878906 0
1697708488270 -106.13774871826172 0
1697708488686 -106.26181030273438 0
1697708489096 -106.34127044677734 0
1697708489511 -106.2178726196289 0
1697708489934 -106.41582489013672 0
1697708490378 -106.40247344970703 0
1697708490835 -106.50086975097656 0
1697708491265 -106.46289825439453 0
1697708491700 -106.56925964355469 0
1697708492119 -106.46454620361328 0
1697708492539 -106.48194885253906 0
1697708492981 -106.58531188964844 0
1697708493443 -106.74015808105469 0
1697708493871 -106.73430633544922 0
1697708494295 -106.54684448242188 0
1697708494745 -106.6864242553711 0
1697708495183 -106.71112060546875 0
1697708495599 -106.77017211914062 0
1697708496023 -106.67440795898438 0
1697708496440 -106.85246276855469 0
1697708496872 -106.86914825439453 0
1697708497326 -107.05058288574219 0
1697708497780 -106.99579620361328 0
1697708498227 -106.9766845703125 0
1697708498654 -106.96347045898438 0
1697708499109 -107.02267456054688 0
1697708499552 -106.9743881225586 0
1697708499976 -107.15308380126953 0
1697708500393 -107.10799407958984 0
1697708500822 -107.21257019042969 0
1697708501242 -107.13232421875 0
1697708501651 -107.1678466796875 0
1697708502066 -107.33856201171875 0
1697708502479 -107.21568298339844 0
1697708502889 -107.36627197265625 0
1697708503318 -107.42415618896484 0
1697708503739 -107.35514831542969 0
1697708504161 -107.44717407226562 0
1697708504572 -107.58819580078125 0
1697708504994 -107.46746063232422 0
1697708505411 -107.5882339477539 0
1697708505822 -107.70858764648438 0
1697708506238 -107.65514373779297 0
1697708506652 -107.57059478759766 0
1697708507064 -107.62699890136719 0
1697708507489 -107.7178955078125 0
1697708507914 -107.86231994628906 0
1697708508337 -107.80459594726562 0
1697708508760 -107.80459594726562 0
1697708509174 -107.73773193359375 0
1697708509589 -107.99974822998047 0
1697708510006 -107.87313842773438 0
1697708510419 -107.95679473876953 0
1697708510830 -108.05464935302734 0
1697708511244 -107.93415069580078 0
1697708511657 -108.04328155517578 0
1697708512070 -108.06703186035156 0
1697708512483 -108.18848419189453 0
1697708512894 -108.23124694824219 0
1697708513312 -108.22728729248047 0
1697708513726 -108.20167541503906 0
1697708514146 -108.16459655761719 0
1697708514559 -108.27083587646484 0
1697708514975 -108.27547454833984 0
1697708515386 -108.28459930419922 0
1697708515801 -108.2666244506836 0
1697708516213 -108.25074768066406 0
1697708516631 -108.34085083007812 0
1697708517050 -108.40917205810547 0
1697708517463 -108.46800994873047 0
1697708517888 -108.45440673828125 0
1697708518303 -108.5948715209961 0
1697708518716 -108.5229721069336 0
1697708519127 -108.64041900634766 0
1697708519547 -108.5103759765625 0
1697708519957 -108.60157012939453 0
1697708520377 -108.61084747314453 0
1697708520793 -108.69596862792969 0
1697708521213 -108.68734741210938 0
1697708521636 -108.73889923095703 0
1697708522052 -108.85906982421875 0
1697708522467 -108.7730712890625 0
1697708522880 -108.79531860351562 0
1697708523297 -108.88951110839844 0
1697708523710 -108.83116149902344 0
1697708524123 -109.02314758300781 0
1697708524538 -108.9198226928711 0
1697708524954 -108.99868774414062 0
1697708525367 -109.10379791259766 0
1697708525781 -109.1262435913086 0
1697708526199 -109.17332458496094 0
1697708526611 -109.31657409667969 0
1697708527027 -109.2734375 0
1697708527441 -109.46392059326172 0
1697708527855 -109.4668960571289 0
1697708528271 -109.39810943603516 0
1697708528686 -109.52070617675781 0
1697708529099 -109.47268676757812 0
1697708529514 -109.57682037353516 0
1697708529931 -109.60364532470703 0
1697708530345 -109.6537094116211 0
1697708530760 -109.6961441040039 0
1697708531175 -109.86872100830078 0
1697708531590 -109.9496841430664 0
1697708532004 -109.88443756103516 0
1697708532417 -109.9224624633789 0
1697708532833 -109.84959411621094 0
1697708533247 -110.0185317993164 0
1697708533664 -109.94805908203125 0
1697708534087 -110.07474517822266 0
1697708534501 -110.0252685546875 0
1697708534920 -110.18819427490234 0
1697708535337 -110.10935974121094 0
1697708535750 -110.18540954589844 0
1697708536168 -110.1823501586914 0
1697708536590 -110.20637512207031 0
1697708537006 -110.18942260742188 0
1697708537423 -110.31947326660156 0
1697708537835 -110.31804656982422 0
1697708538253 -110.3133316040039 0
1697708538667 -110.37897491455078 0
1697708539086 -110.48162078857422 0
1697708539500 -110.383544921875 0
1697708539912 -110.41434478759766 0
1697708540327 -110.28898620605469 0
1697708540743 -110.51406860351562 0
1697708541160 -110.52403259277344 0
1697708541574 -110.4655990600586 0
1697708541992 -110.53459930419922 0
1697708542413 -110.44175720214844 0
1697708542837 -110.5323715209961 0
1697708543251 -110.53131103515625 0
1697708543666 -110.54908752441406 0
1697708544084 -110.63741302490234 0
1697708544500 -110.61474609375 0
1697708544929 -110.61380004882812 0
1697708545384 -110.68574523925781 0
1697708545803 -110.59114837646484 0
1697708546219 -110.76897430419922 0
1697708546635 -110.75401306152344 0
1697708547047 -110.84684753417969 0
1697708547461 -110.96772003173828 0
1697708547884 -111.02399444580078 0
1697708548346 -110.98596954345703 0
1697708548781 -111.02731323242188 0
1697708549193 -111.18787384033203 0
1697708549607 -111.03934478759766 0
1697708550028 -110.94843292236328 0
1697708550465 -111.15733337402344 0
1697708550893 -111.18521881103516 0
1697708551306 -111.32767486572266 0
1697708551724 -111.43487548828125 0
1697708552140 -111.20767211914062 0
1697708552555 -111.31182098388672 0
1697708552983 -111.4745864868164 0
1697708553414 -111.48394775390625 0
1697708553837 -111.35242462158203 0
1697708554255 -111.5818099975586 0
1697708554670 -111.6063232421875 0
1697708555094 -111.64276123046875 0
1697708555520 -111.59143829345703 0
1697708555942 -111.65455627441406 0
1697708556363 -111.76251983642578 0
1697708556780 -111.64595794677734 0
1697708557191 -111.86357116699219 0
1697708557614 -111.89667510986328 0
1697708558029 -112.02395629882812 0
1697708558443 -111.89584350585938 0
1697708558859 -111.92723846435547 0
1697708559280 -111.97159576416016 0
1697708559699 -112.01394653320312 0
1697708560114 -111.97601318359375 0
1697708560540 -112.11259460449219 0
1697708560957 -112.11914825439453 0
1697708561376 -112.1084976196289 0
1697708561791 -112.08708190917969 0
1697708562206 -112.20191955566406 0
1697708562622 -112.15184783935547 0
1697708563040 -112.23124694824219 0
1697708563456 -112.32597351074219 0
1697708563905 -112.29774475097656 0
1697708564353 -112.25621032714844 0
1697708564780 -112.29431915283203 0
1697708565208 -112.27604675292969 0
1697708565634 -112.38789367675781 0
1697708566055 -112.40239715576172 0
1697708566481 -112.38832092285156 0
1697708566922 -112.4354476928711 0
1697708567356 -112.5724868774414 0
1697708567776 -112.39437103271484 0
1697708568204 -112.47911834716797 0
1697708568625 -112.48639678955078 0
1697708569043 -112.55702209472656 0
1697708569493 -112.49844360351562 0
1697708569916 -112.73492431640625 0
1697708570337 -112.61132049560547 0
1697708570755 -112.74469757080078 0
1697708571172 -112.67234802246094 0
1697708571587 -112.88105010986328 0
1697708572006 -112.70207214355469 0
1697708572428 -112.77945709228516 0
1697708572851 -112.81230926513672 0
1697708573275 -112.9447250366211 0
1697708573699 -113.04877471923828 0
1697708574129 -113.10292053222656 0
1697708574552 -113.03926849365234 0
1697708574974 -113.06685638427734 0
1697708575408 -113.10649871826172 0
1697708575833 -113.08827209472656 0
1697708576283 -113.18077087402344 0
1697708576731 -113.31812286376953 0
1697708577154 -113.23107147216797 0
1697708577581 -113.2523193359375 0
1697708578011 -113.36151123046875 0
1697708578432 -113.30757141113281 0
1697708578855 -113.37699890136719 0
1697708579288 -113.43390655517578 0
1697708579717 -113.4276351928711 0
1697708580136 -113.49720001220703 0
1697708580560 -113.64295959472656 0
1697708580977 -113.53329467773438 0
1697708581393 -113.63724517822266 0
1697708581809 -113.66583251953125 0
1697708582228 -113.76283264160156 0
1697708582641 -113.65484619140625 0
1697708583063 -113.75909423828125 0
1697708583507 -113.8521728515625 0
1697708583944 -113.75214385986328 0
1697708584363 -113.81483459472656 0
1697708584781 -113.7991943359375 0
1697708585199 -113.77324676513672 0
1697708585629 -113.86502075195312 0
1697708586049 -113.83676147460938 0
1697708586480 -113.81792449951172 0
1697708586901 -113.78448486328125 0
1697708587318 -113.84632110595703 0
1697708587741 -113.906494140625 0
1697708588160 -113.94114685058594 0
1697708588580 -114.0228500366211 0
1697708588999 -113.98248291015625 0
1697708589435 -113.97634887695312 0
1697708589855 -114.07608795166016 0
1697708590271 -114.12533569335938 0
1697708590695 -114.14356994628906 0
1697708591119 -114.25311279296875 0
1697708591538 -114.31800079345703 0
1697708591955 -114.20234680175781 0
1697708592376 -114.31371307373047 0
1697708592797 -114.34780883789062 0
1697708593220 -114.25028228759766 0
1697708593646 -114.375732421875 0
1697708594067 -114.44729614257812 0
1697708594484 -114.40251159667969 0
1697708594903 -114.46853637695312 0
1697708595320 -114.3259506225586 0
1697708595736 -114.53558349609375 0
1697708596152 -114.38724517822266 0
1697708596575 -114.37850952148438 0
1697708596994 -114.48702239990234 0
1697708597416 -114.65884399414062 0
1697708597843 -114.60620880126953 0
1697708598287 -114.65422058105469 0
1697708598712 -114.61028289794922 0
1697708599127 -114.66918182373047 0
1697708599564 -114.679443359375 0
1697708599984 -114.75245666503906 0
1697708600405 -114.85740661621094 0
1697708600839 -114.7347183227539 0
1697708601261 -114.84314727783203 0
1697708601683 -114.95174407958984 0
1697708602108 -114.9704360961914 0
1697708602534 -114.91465759277344 0
1697708602954 -114.87549591064453 0
1697708603376 -114.97118377685547 0
1697708603802 -114.9617691040039 0
1697708604251 -114.93077087402344 0
1697708604704 -114.92552185058594 0
1697708605120 -114.90497589111328 0
1697708605542 -114.93280029296875 0
1697708605960 -115.01956939697266 0
1697708606374 -114.9673843383789 0
1697708606807 -115.0981216430664 0
1697708607231 -115.18102264404297 0
1697708607658 -115.0298843383789 0
1697708608076 -115.00774383544922 0
1697708608497 -115.09796905517578 0
1697708608927 -115.14009857177734 0
1697708609348 -115.07926940917969 0
1697708609777 -115.04830932617188 0
1697708610197 -115.09623718261719 0
1697708610615 -115.12962341308594 0
1697708611051 -115.24393463134766 0
1697708611474 -115.30655670166016 0
1697708611898 -115.33284759521484 0
1697708612322 -115.39303588867188 0
1697708612747 -115.4895248413086 0
1697708613173 -115.34473419189453 0
1697708613593 -115.55277252197266 0
1697708614015 -115.43196868896484 0
1697708614440 -115.4885482788086 0
1697708614853 -115.57063293457031 0
1697708615278 -115.52442169189453 0
1697708615700 -115.63042449951172 0
1697708616118 -115.76844787597656 0
1697708616542 -115.86149597167969 0
1697708616972 -115.67487335205078 0
1697708617433 -115.70304870605469 0
1697708617868 -115.70954895019531 0
