1697708680787 -50.67057418823242 0
1697708680872 -53.7969856262207 0
1697708681250 -57.02482986450195 0
1697708681655 -59.84767532348633 0
1697708682063 -62.544471740722656 0
1697708682470 -64.97900390625 0
1697708682891 -67.189208984375 0
1697708683319 -69.36002349853516 0
1697708683732 -71.34069061279297 0
1697708684144 -73.00614929199219 0
1697708684579 -74.35189819335938 0
1697708685011 -75.53412628173828 0
1697708685449 -76.79232025146484 0
1697708685875 -77.59062194824219 0
1697708686279 -78.28060913085938 0
1697708686692 -79.0753173828125 0
1697708687127 -79.49236297607422 0
1697708687568 -80.05708312988281 0
1697708687994 -80.61527252197266 0
1697708688424 -81.25514221191406 0
1697708688863 -81.91714477539062 0
1697708689306 -82.34821319580078 0
1697708689752 -81.94927978515625 0
1697708690181 -82.61598205566406 0
1697708690598 -84.0433578491211 0
1697708691026 -85.27328491210938 0
1697708691466 -85.99260711669922 0
1697708691909 -86.06438446044922 0
1697708692321 -86.344970703125 0
1697708692732 -86.6072998046875 0
1697708693161 -87.07906341552734 0
1697708693604 -87.42028045654297 0
1697708694027 -87.4705581665039 0
1697708694465 -87.43069458007812 0
1697708694905 -87.5215072631836 0
1697708695346 -87.7813720703125 0
1697708695760 -88.17716979980469 0
1697708696183 -88.12329864501953 0
1697708696597 -88.20933532714844 0
1697708697005 -88.27214813232422 0
1697708697414 -88.57056427001953 0
1697708697822 -88.80900573730469 0
1697708698229 -89.15938568115234 0
1697708698637 -89.2645492553711 0
1697708699045 -89.44917297363281 0
1697708699454 -89.76807403564453 0
1697708699862 -89.94855499267578 0
1697708700272 -90.10426330566406 0
1697708700679 -90.34623718261719 0
1697708701088 -90.56309509277344 0
1697708701503 -90.5093994140625 0
1697708701951 -90.70941925048828 0
1697708702397 -90.81846618652344 0
1697708702837 -90.95574188232422 0
1697708703252 -90.98091125488281 0
1697708703661 -91.35969543457031 0
1697708704070 -91.23081970214844 0
1697708704499 -91.39881896972656 0
1697708704933 -91.38411712646484 0
1697708705346 -91.55229949951172 0
1697708705759 -91.76898956298828 0
1697708706169 -91.68977355957031 0
1697708706576 -91.66769409179688 0
1697708706986 -92.02128601074219 0
1697708707396 -91.98616027832031 0
1697708707829 -91.988525390625 0
1697708708256 -92.21024322509766 0
1697708708660 -92.15361022949219 0
1697708709071 -92.2433090209961 0
1697708709506 -92.42830657958984 0
1697708709919 -92.40742492675781 0
1697708710333 -92.36863708496094 0
1697708710741 -92.49504852294922 0
1697708711154 -92.74260711669922 0
1697708711564 -92.7555923461914 0
1697708711974 -92.91986846923828 0
1697708712405 -92.84075927734375 0
1697708712819 -93.00298309326172 0
1697708713270 -93.00865936279297 0
1697708713710 -93.25772094726562 0
1697708714134 -93.160888671875 0
1697708714576 -93.18824005126953 0
1697708714984 -93.403076171875 0
1697708715410 -93.40717315673828 0
1697708715834 -93.48357391357422 0
1697708716252 -93.41192626953125 0
1697708716679 -93.61857604980469 0
1697708717096 -93.68624114990234 0
1697708717507 -93.75669860839844 0
1697708717918 -93.8240966796875 0
1697708718331 -93.79224395751953 0
1697708718756 -93.879638671875 0
1697708719171 -94.03534698486328 0
1697708719582 -94.0470962524414 0
1697708719994 -94.20460510253906 0
1697708720406 -94.25007629394531 0
1697708720819 -94.35897064208984 0
1697708721247 -94.26559448242188 0
1697708721658 -94.36345672607422 0
1697708722079 -94.45091247558594 0
1697708722490 -94.42577362060547 0
1697708722904 -94.51546478271484 0
1697708723327 -94.68881225585938 0
1697708723742 -94.82234954833984 0
1697708724154 -94.9039077758789 0
1697708724576 -94.86077117919922 0
1697708724996 -94.8636474609375 0
1697708725410 -94.954345703125 0
1697708725845 -95.17218780517578 0
1697708726255 -95.171875 0
1697708726669 -95.0771484375 0
1697708727081 -95.1744384765625 0
1697708727519 -95.23210144042969 0
1697708727948 -95.26382446289062 0
1697708728366 -95.27133178710938 0
1697708728779 -95.58837127685547 0
1697708729192 -95.50228881835938 0
1697708729603 -95.60771179199219 0
1697708730032 -95.75262451171875 0
1697708730444 -95.68934631347656 0
1697708730854 -95.88529968261719 0
1697708731277 -95.90702056884766 0
1697708731720 -95.82720947265625 0
1697708732154 -95.83419799804688 0
1697708732599 -96.05622100830078 0
1697708733019 -96.09923553466797 0
1697708733430 -96.14288330078125 0
1697708733847 -96.26195526123047 0
1697708734257 -96.1939697265625 0
1697708734681 -96.48918151855469 0
1697708735103 -96.43492126464844 0
1697708735519 -96.49111938476562 0
1697708735931 -96.56050872802734 0
1697708736347 -96.74301147460938 0
1697708736765 -96.6492691040039 0
1697708737180 -96.67295837402344 0
1697708737604 -96.7855453491211 0
1697708738020 -96.66494750976562 0
1697708738432 -96.74217224121094 0
1697708738847 -96.894775390625 0
1697708739263 -96.86622619628906 0
1697708739678 -97.14480590820312 0
1697708740095 -97.14122009277344 0
1697708740514 -97.12316131591797 0
1697708740959 -97.1601333618164 0
1697708741379 -97.32791137695312 0
1697708741796 -97.31794738769531 0
1697708742212 -97.46060943603516 0
1697708742623 -97.50482177734375 0
1697708743043 -97.50408172607422 0
1697708743456 -97.53334045410156 0
1697708743872 -97.65247344970703 0
1697708744285 -97.58753204345703 0
1697708744713 -97.80322265625 0
1697708745130 -97.79393768310547 0
1697708745541 -97.8459701538086 0
1697708745978 -97.84062194824219 0
1697708746418 -98.07942962646484 0
1697708746842 -98.04135131835938 0
1697708747278 -98.08502960205078 0
1697708747693 -98.18417358398438 0
1697708748112 -98.24093627929688 0
1697708748524 -98.2386245727539 0
1697708748938 -98.29867553710938 0
1697708749349 -98.54246520996094 0
1697708749763 -98.32215118408203 0
1697708750175 -98.55697631835938 0
1697708750591 -98.48551940917969 0
1697708751003 -98.63434600830078 0
1697708751417 -98.70328521728516 0
1697708751831 -98.69099426269531 0
1697708752240 -98.75777435302734 0
1697708752655 -98.80394744873047 0
1697708753072 -98.71307373046875 0
1697708753480 -98.83232116699219 0
1697708753895 -99.02627563476562 0
1697708754314 -99.0896987915039 0
1697708754738 -99.10784912109375 0
1697708755149 -99.13933563232422 0
1697708755564 -98.9642562866211 0
1697708755977 -99.22954559326172 0
1697708756388 -99.21312713623047 0
1697708756805 -99.17321014404297 0
1697708757217 -99.33394622802734 0
1697708757629 -99.34164428710938 0
1697708758042 -99.58245086669922 0
1697708758456 -99.6795425415039 0
1697708758870 -99.54256439208984 0
1697708759287 -99.66608428955078 0
1697708759698 -99.75735473632812 0
1697708760113 -99.78883361816406 0
1697708760527 -99.8075942993164 0
1697708760943 -99.80319213867188 0
1697708761357 -99.90208435058594 0
1697708761770 -100.04447937011719 0
1697708762198 -99.9959716796875 0
1697708762645 -100.03656005859375 0
1697708763068 -100.03694152832031 0
1697708763495 -100.19866943359375 0
1697708763916 -100.2000503540039 0
1697708764345 -100.37657165527344 0
1697708764774 -100.24188232421875 0
1697708765194 -100.42555236816406 0
1697708765614 -100.49452209472656 0
1697708766036 -100.47132110595703 0
1697708766459 -100.58283233642578 0
1697708766876 -100.55330657958984 0
1697708767298 -100.76502990722656 0
1697708767719 -100.71878814697266 0
1697708768143 -100.86003112792969 0
1697708768577 -100.7505111694336 0
1697708768994 -100.85355377197266 0
1697708769408 -100.88395690917969 0
1697708769822 -100.90327453613281 0
1697708770235 -100.95792388916016 0
1697708770652 -101.05459594726562 0
1697708771067 -101.2105941772461 0
1697708771478 -101.04047393798828 0
1697708771889 -101.1150131225586 0
1697708772308 -101.26873016357422 0
1697708772723 -101.26237487792969 0
1697708773134 -101.28178405761719 0
1697708773547 -101.36942291259766 0
1697708773962 -101.3662338256836 0
1697708774386 -101.3845443725586 0
1697708774803 -101.35172271728516 0
1697708775215 -101.41494750976562 0
1697708775630 -101.48188781738281 0
1697708776040 -101.63529968261719 0
1697708776459 -101.58299255371094 0
1697708776893 -101.7126693725586 0
1697708777315 -101.67774200439453 0
1697708777736 -101.99951171875 0
1697708778151 -101.81450653076172 0
1697708778567 -102.00016784667969 0
1697708778981 -102.09864044189453 0
1697708779395 -101.95822143554688 0
1697708779810 -102.13285064697266 0
1697708780225 -102.10819244384766 0
1697708780639 -102.22000122070312 0
1697708781051 -102.18067932128906 0
1697708781467 -102.19143676757812 0
1697708781883 -102.2078628540039 0
1697708782295 -102.32262420654297 0
1697708782709 -102.37104797363281 0
1697708783123 -102.46475982666016 0
1697708783537 -102.36192321777344 0
1697708783951 -102.51139831542969 0
1697708784377 -102.58321380615234 0
1697708784795 -102.46913146972656 0
1697708785206 -102.63798522949219 0
1697708785621 -102.61246490478516 0
1697708786037 -102.70269775390625 0
1697708786450 -102.81046295166016 0
1697708786864 -102.81712341308594 0
1697708787279 -102.83511352539062 0
1697708787693 -102.8657455444336 0
1697708788109 -102.91452026367188 0
1697708788523 -103.00257110595703 0
1697708788938 -103.05809783935547 0
1697708789352 -102.97518920898438 0
1697708789766 -103.06229400634766 0
1697708790184 -103.09210968017578 0
1697708790594 -103.21350860595703 0
1697708791020 -103.31195831298828 0
1697708791433 -103.36682891845703 0
1697708791847 -103.41267395019531 0
1697708792259 -103.315185546875 0
1697708792676 -103.42523193359375 0
1697708793087 -103.49579620361328 0
1697708793500 -103.5593032836914 0
1697708793919 -103.57432556152344 0
1697708794341 -103.621826171875 0
1697708794764 -103.64595794677734 0
1697708795180 -103.66036987304688 0
1697708795595 -103.82498168945312 0
1697708796008 -103.76692199707031 0
1697708796423 -103.81653594970703 0
1697708796835 -103.82730102539062 0
1697708797249 -103.92163848876953 0
1697708797660 -104.07640075683594 0
1697708798075 -103.85714721679688 0
1697708798490 -104.17160034179688 0
1697708798907 -104.09661865234375 0
1697708799321 -104.20128631591797 0
1697708799734 -104.17512512207031 0
1697708800146 -104.17761993408203 0
1697708800564 -104.18531036376953 0
1697708800978 -104.30750274658203 0
1697708801399 -104.28548431396484 0
1697708801807 -104.28968811035156 0
1697708802227 -104.29960632324219 0
1697708802639 -104.5064697265625 0
1697708803054 -104.48613739013672 0
1697708803469 -104.460693359375 0
1697708803881 -104.5514907836914 0
1697708804301 -104.57411193847656 0
1697708804726 -104.56829071044922 0
1697708805140 -104.70307159423828 0
1697708805555 -104.69457244873047 0
1697708805966 -104.95236206054688 0
1697708806380 -104.88603210449219 0
1697708806796 -104.91852569580078 0
1697708807211 -104.84330749511719 0
1697708807627 -104.94469451904297 0
1697708808036 -105.07977294921875 0
1697708808454 -105.11139678955078 0
1697708808870 -105.1312484741211 0
1697708809282 -105.17027282714844 0
1697708809695 -105.10201263427734 0
1697708810112 -105.17510986328125 0
1697708810527 -105.24198150634766 0
1697708810939 -105.24407196044922 0
1697708811353 -105.26956176757812 0
1697708811767 -105.32200622558594 0
1697708812182 -105.3587875366211 0
1697708812596 -105.3500747680664 0
1697708813011 -105.35737609863281 0
1697708813423 -105.46321105957031 0
1697708813847 -105.60812377929688 0
1697708814265 -105.63642120361328 0
1697708814692 -105.65069580078125 0
1697708815106 -105.69794464111328 0
1697708815522 -105.60926055908203 0
1697708815935 -105.76559448242188 0
1697708816350 -105.7583236694336 0
1697708816764 -105.86909484863281 0
1697708817178 -105.88252258300781 0
1697708817595 -105.86509704589844 0
1697708818011 -105.9323959350586 0
1697708818426 -106.0568618774414 0
1697708818839 -105.99990844726562 0
1697708819254 -106.00743103027344 0
1697708819667 -106.173095703125 0
1697708820084 -106.01647186279297 0
1697708820499 -106.26058197021484 0
1697708820915 -106.15715026855469 0
1697708821327 -106.24039459228516 0
1697708821740 -106.22357177734375 0
1697708822159 -106.1131362915039 0
1697708822574 -106.2667007446289 0
1697708822983 -106.33102416992188 0
1697708823396 -106.39710998535156 0
1697708823811 -106.25907135009766 0
1697708824227 -106.58439636230469 0
1697708824654 -106.46985626220703 0
1697708825070 -106.58354949951172 0
1697708825482 -106.73844909667969 0
1697708825897 -106.60549926757812 0
1697708826314 -106.7137451171875 0
1697708826730 -106.6547622680664 0
1697708827141 -106.78560638427734 0
1697708827557 -106.73429870605469 0
1697708827973 -106.70429992675781 0
1697708828385 -106.81620788574219 0
1697708828802 -106.87548828125 0
1697708829217 -106.88387298583984 0
1697708829633 -106.93899536132812 0
1697708830045 -107.21403503417969 0
1697708830464 -107.0198745727539 0
1697708830879 -107.10540008544922 0
1697708831293 -107.02352142333984 0
1697708831710 -107.16024780273438 0
1697708832121 -107.17334747314453 0
1697708832534 -107.24357604980469 0
1697708832950 -107.20317077636719 0
1697708833367 -107.24726867675781 0
1697708833780 -107.35260772705078 0
1697708834192 -107.39047241210938 0
1697708834628 -107.48189544677734 0
1697708835040 -107.42340850830078 0
1697708835455 -107.49893188476562 0
1697708835871 -107.50139617919922 0
1697708836279 -107.59014892578125 0
1697708836693 -107.61323547363281 0
1697708837107 -107.67796325683594 0
1697708837523 -107.63685607910156 0
1697708837937 -107.6917495727539 0
1697708838356 -107.79039764404297 0
1697708838772 -107.77359771728516 0
1697708839183 -107.85779571533203 0
1697708839599 -107.69819641113281 0
1697708840013 -107.92479705810547 0
1697708840427 -107.87163543701172 0
1697708840843 -107.9339370727539 0
1697708841258 -108.01728820800781 0
1697708841671 -107.93873596191406 0
1697708842087 -108.13982391357422 0
1697708842498 -108.05282592773438 0
1697708842916 -108.20122528076172 0
1697708843327 -108.20552062988281 0
1697708843743 -108.13109588623047 0
1697708844160 -108.19569396972656 0
1697708844592 -108.12617492675781 0
1697708845005 -108.2291488647461 0
1697708845419 -108.32012176513672 0
1697708845834 -108.28838348388672 0
1697708846247 -108.34629821777344 0
1697708846662 -108.3918685913086 0
1697708847078 -108.3981704711914 0
1697708847489 -108.41012573242188 0
1697708847905 -108.60404968261719 0
1697708848321 -108.43327331542969 0
1697708848736 -108.61325073242188 0
1697708849150 -108.6731948852539 0
1697708849565 -108.67544555664062 0
1697708849979 -108.5952377319336 0
1697708850393 -108.81039428710938 0
1697708850808 -108.60832214355469 0
1697708851222 -108.75727081298828 0
1697708851637 -108.72220611572266 0
1697708852050 -108.74554443359375 0
1697708852465 -108.78089904785156 0
1697708852877 -108.98040771484375 0
1697708853296 -108.78527069091797 0
1697708853713 -108.99463653564453 0
1697708854127 -108.84089660644531 0
1697708854556 -108.94373321533203 0
1697708854974 -108.94979858398438 0
1697708855386 -108.9890365600586 0
1697708855797 -109.11022186279297 0
1697708856213 -109.12447357177734 0
1697708856628 -109.14581298828125 0
1697708857043 -109.27191925048828 0
1697708857460 -109.21276092529297 0
1697708857872 -109.16853332519531 0
1697708858285 -109.20741271972656 0
1697708858701 -109.44770050048828 0
1697708859116 -109.31804656982422 0
1697708859525 -109.31986236572266 0
1697708859941 -109.47592163085938 0
1697708860357 -109.49518585205078 0
1697708860770 -109.38932037353516 0
1697708861188 -109.43012237548828 0
1697708861602 -109.64542388916016 0
1697708862015 -109.52867126464844 0
1697708862430 -109.51811981201172 0
1697708862843 -109.57987213134766 0
1697708863259 -109.66448211669922 0
1697708863671 -109.6481704711914 0
1697708864087 -109.78070068359375 0
1697708864516 -109.81720733642578 0
1697708864931 -109.8023452758789 0
1697708865354 -109.88812255859375 0
1697708865780 -109.85840606689453 0
1697708866193 -109.93154907226562 0
1697708866618 -109.8813247680664 0
1697708867040 -109.9646224975586 0
1697708867459 -109.97102355957031 0
1697708867876 -109.97412109375 0
1697708868292 -110.05941009521484 0
1697708868705 -110.07051086425781 0
1697708869119 -110.09024810791016 0
1697708869536 -110.1364974975586 0
1697708869950 -110.13663482666016 0
1697708870363 -110.11949920654297 0
1697708870779 -110.06037139892578 0
1697708871195 -110.09362030029297 0
1697708871610 -110.1430435180664 0
1697708872027 -110.25128173828125 0
1697708872445 -110.27812194824219 0
1697708872860 -110.18082427978516 0
1697708873274 -110.21353149414062 0
1697708873689 -110.14920043945312 0
1697708874104 -110.0345230102539 0
1697708874533 -110.17401123046875 0
1697708874960 -109.93394470214844 0
1697708875375 -109.78730010986328 0
1697708875788 -109.8651351928711 0
1697708876202 -109.91900634765625 0
1697708876614 -109.97134399414062 0
1697708877028 -109.95553588867188 0
1697708877444 -110.11164855957031 0
1697708877860 -110.2288589477539 0
1697708878273 -110.2979965209961 0
1697708878689 -110.26106262207031 0
1697708879106 -110.43341064453125 0
1697708879524 -110.41796875 0
1697708879936 -110.48722076416016 0
1697708880361 -110.59014892578125 0
1697708880798 -110.73674774169922 0
1697708881233 -110.71160888671875 0
1697708881687 -110.70309448242188 0
1697708882122 -110.69994354248047 0
1697708882537 -110.81724548339844 0
1697708882951 -110.86338806152344 0
1697708883365 -110.85094451904297 0
1697708883780 -110.81529998779297 0
1697708884194 -110.90752410888672 0
1697708884647 -110.81303405761719 0
1697708885092 -110.78187561035156 0
1697708885510 -110.75902557373047 0
1697708885932 -110.75687408447266 0
1697708886360 -110.84112548828125 0
1697708886784 -110.93087005615234 0
1697708887201 -110.86078643798828 0
1697708887619 -110.83597564697266 0
1697708888032 -110.92689514160156 0
1697708888458 -110.988525390625 0
1697708888879 -111.08179473876953 0
1697708889296 -110.98489379882812 0
1697708889707 -111.09294891357422 0
1697708890130 -111.14190673828125 0
1697708890546 -111.37199401855469 0
1697708890963 -111.45179748535156 0
1697708891394 -111.51747131347656 0
1697708891833 -111.48860931396484 0
1697708892248 -111.52557373046875 0
1697708892663 -111.48049926757812 0
1697708893080 -111.54339599609375 0
1697708893498 -111.78693389892578 0
1697708893917 -111.70264434814453 0
1697708894348 -111.74971008300781 0
1697708894773 -111.81444549560547 0
1697708895187 -111.8126220703125 0
1697708895615 -111.80406951904297 0
1697708896050 -111.91918182373047 0
1697708896483 -111.95606994628906 0
1697708896911 -112.12969970703125 0
1697708897325 -112.09162139892578 0
1697708897735 -112.14746856689453 0
1697708898168 -112.06327056884766 0
1697708898587 -112.16767120361328 0
1697708899005 -112.13906860351562 0
1697708899460 -112.21609497070312 0
1697708899905 -112.20841217041016 0
1697708900330 -112.20919799804688 0
1697708900752 -112.11027526855469 0
1697708901207 -112.19282531738281 0
1697708901659 -111.98001861572266 0
1697708902081 -112.18769836425781 0
1697708902501 -111.97705841064453 0
1697708902920 -112.17142486572266 0
1697708903341 -112.0327377319336 0
1697708903770 -112.09424591064453 0
1697708904188 -112.07144927978516 0
1697708904605 -112.25778198242188 0
1697708905022 -112.44144439697266 0
1697708905439 -112.42650604248047 0
1697708905859 -112.56587219238281 0
1697708906275 -112.68408203125 0
1697708906692 -112.75678253173828 0
1697708907114 -112.73177337646484 0
1697708907535 -112.65660095214844 0
1697708907951 -112.94678497314453 0
1697708908368 -112.68348693847656 0
1697708908785 -112.89944458007812 0
1697708909198 -112.94843292236328 0
1697708909618 -112.98258209228516 0
1697708910035 -112.90559387207031 0
1697708910449 -113.02433776855469 0
1697708910869 -113.10789489746094 0
1697708911291 -112.9780502319336 0
1697708911715 -113.10798645019531 0
1697708912125 -113.07158660888672 0
1697708912547 -112.91453552246094 0
1697708912965 -112.95769500732422 0
1697708913383 -112.9968490600586 0
1697708913800 -112.84796142578125 0
1697708914219 -112.72120666503906 0
1697708914660 -112.83023834228516 0
1697708915084 -112.74205780029297 0
1697708915520 -112.64141845703125 0
1697708915938 -112.8183822631836 0
1697708916383 -112.80862426757812 0
1697708916840 -112.91381072998047 0
1697708917302 -112.99624633789062 0
1697708917756 -112.77764892578125 0
1697708918216 -112.72594451904297 0
1697708918635 -112.62602233886719 0
1697708919060 -113.151611328125 0
1697708919491 -113.56732177734375 0
1697708919917 -113.374755859375 0
1697708920346 -113.31514739990234 0
1697708920779 -113.60205078125 0
1697708921191 -113.43770599365234 0
1697708921610 -113.64514923095703 0
1697708922040 -113.56378173828125 0
1697708922470 -113.55579376220703 0
1697708922891 -113.32184600830078 0
1697708923312 -113.39156341552734 0
1697708923736 -113.34134674072266 0
1697708924159 -113.4898452758789 0
1697708924591 -113.32305908203125 0
1697708925019 -113.2515869140625 0
1697708925449 -113.4202880859375 0
1697708925865 -113.38130950927734 0
1697708926279 -113.49547576904297 0
1697708926706 -113.422119140625 0
1697708927138 -113.31712341308594 0
1697708927566 -113.21489715576172 0
1697708927987 -113.17546844482422 0
1697708928402 -112.8028564453125 0
1697708928815 -112.86194610595703 0
1697708929227 -112.93707275390625 0
1697708929651 -113.16590881347656 0
1697708930074 -113.08380889892578 0
1697708930496 -113.0366439819336 0
1697708930911 -113.1095199584961 0
1697708931322 -113.3064956665039 0
1697708931744 -113.544921875 0
1697708932157 -113.4582748413086 0
1697708932588 -113.67778778076172 0
1697708933027 -113.6919937133789 0
1697708933486 -113.85205078125 0
1697708933910 -113.98503112792969 0
1697708934332 -114.17530059814453 0
1697708934768 -114.20146942138672 0
1697708935221 -114.12344360351562 0
1697708935663 -114.17787170410156 0
1697708936107 -114.30821990966797 0
1697708936520 -114.34866333007812 0
1697708936938 -114.39887237548828 0
1697708937369 -114.38052368164062 0
1697708937783 -114.37386322021484 0
1697708938194 -114.40451049804688 0
1697708938616 -114.5635757446289 0
1697708939043 -114.72232055664062 0
1697708939459 -114.78364562988281 0
1697708939872 -114.66008758544922 0
1697708940301 -114.58258819580078 0
1697708940715 -114.59503173828125 0
1697708941135 -114.8022689819336 0
1697708941547 -114.8063735961914 0
1697708941964 -114.90227508544922 0
1697708942375 -114.91130828857422 0
1697708942791 -114.81990814208984 0
1697708943203 -115.05892181396484 0
1697708943620 -114.99982452392578 0
1697708944034 -115.07734680175781 0
1697708944449 -115.12469482421875 0
1697708944861 -115.08274841308594 0
1697708945275 -115.24169921875 0
1697708945705 -115.18562316894531 0
1697708946143 -115.08647155761719 0
1697708946578 -115.10487365722656 0
1697708947026 -115.32103729248047 0
1697708947482 -115.27326965332031 0
1697708947926 -115.33454895019531 0
1697708948365 -115.34422302246094 0
1697708948796 -115.34847259521484 0
1697708949231 -115.25642395019531 0
1697708949659 -115.28802490234375 0
1697708950100 -115.35980987548828 0
1697708950536 -115.48234558105469 0
1697708950970 -115.45561981201172 0
1697708951407 -115.50570678710938 0
1697708951847 -115.5702133178711 0
1697708952282 -115.6432876586914 0
1697708952715 -115.71456909179688 0
1697708953141 -115.66410064697266 0
1697708953580 -115.69152069091797 0
1697708954018 -115.63346862792969 0
1697708954450 -115.66165924072266 0
1697708954883 -115.66729736328125 0
1697708955336 -115.78284454345703 0
1697708955748 -115.7266845703125 0
1697708956164 -115.85616302490234 0
1697708956579 -115.86394500732422 0
1697708956989 -115.89260864257812 0
1697708957404 -115.9344711303711 0
1697708957820 -115.90364837646484 0
1697708958228 -115.82794952392578 0
1697708958645 -115.82695007324219 0
1697708959056 -115.9283218383789 0
1697708959471 -116.09093475341797 0
1697708959924 -116.07141876220703 0
1697708960346 -115.982421875 0
1697708960777 -116.11585998535156 0
1697708961190 -116.10664367675781 0
1697708961605 -116.16494750976562 0
1697708962016 -116.16011047363281 0
1697708962430 -116.08404541015625 0
1697708962844 -116.0915756225586 0
1697708963254 -116.095458984375 0
1697708963673 -116.08465576171875 0
1697708964120 -116.15953826904297 0
1697708964535 -116.22987365722656 0
1697708964947 -116.17707061767578 0
1697708965385 -116.32415008544922 0
1697708965801 -116.28795623779297 0
1697708966212 -116.27024841308594 0
1697708966628 -116.25425720214844 0
1697708967039 -116.30239868164062 0
1697708967456 -116.3463363647461 0
1697708967904 -116.45272064208984 0
1697708968315 -116.41154479980469 0
1697708968760 -116.464599609375 0
1697708969211 -116.48069763183594 0
1697708969672 -116.6865234375 0
1697708970129 -116.57449340820312 0
1697708970589 -116.62895965576172 0
1697708971018 -116.59907531738281 0
1697708971439 -116.57842254638672 0
1697708971867 -116.5567626953125 0
1697708972311 -116.68209838867188 0
1697708972758 -116.479736328125 0
1697708973220 -116.67697143554688 0
1697708973674 -116.59679412841797 0
1697708974127 -116.63346862792969 0
1697708974576 -116.74768829345703 0
1697708975025 -116.58277130126953 0
1697708975447 -116.66384887695312 0
1697708975860 -116.68014526367188 0
1697708976272 -116.59817504882812 0
1697708976689 -116.50086975097656 0
1697708977119 -116.1938705444336 0
1697708977535 -115.70393371582031 0
1697708977968 -115.64399719238281 0
1697708978378 -115.39405059814453 0
1697708978794 -115.3376693725586 0
1697708979203 -115.14442443847656 0
1697708979620 -114.9992446899414 0
1697708980034 -115.17647552490234 0
1697708980447 -115.32304382324219 0
1697708980860 -115.48295593261719 0
1697708981282 -115.67709350585938 0
1697708981701 -115.94148254394531 0
1697708982118 -116.16600799560547 0
1697708982566 -116.33277130126953 0
1697708983002 -116.60824584960938 0
1697708983458 -116.62100982666016 0
1697708983901 -116.66839599609375 0
1697708984317 -116.75423431396484 0
1697708984736 -116.77716827392578 0
1697708985150 -116.7136459350586 0
1697708985591 -116.70616149902344 0
1697708986011 -116.79952239990234 0
1697708986434 -116.6693344116211 0
1697708986847 -116.77339935302734 0
1697708987287 -116.84119415283203 0
1697708987704 -116.95764923095703 0
1697708988117 -116.97502136230469 0
1697708988532 -117.13996124267578 0
1697708988945 -117.18362426757812 0
1697708989386 -117.13497161865234 0
1697708989826 -117.19690704345703 0
1697708990247 -117.03031158447266 0
1697708990686 -117.17119598388672 0
1697708991130 -116.95634460449219 0
1697708991553 -116.96749877929688 0
1697708991978 -116.96217346191406 0
1697708992395 -116.92399597167969 0
1697708992819 -116.71239471435547 0
1697708993243 -116.89256286621094 0
1697708993663 -116.85879516601562 0
1697708994079 -116.93177032470703 0
1697708994508 -117.03802490234375 0
1697708994929 -117.2841567993164 0
1697708995347 -117.36137390136719 0
1697708995770 -117.47482299804688 0
1697708996219 -117.47237396240234 0
1697708996645 -117.69389343261719 0
1697708997069 -117.72579956054688 0
1697708997482 -117.7908935546875 0
1697708997934 -117.90452575683594 0
1697708998363 -117.98937225341797 0
1697708998809 -118.08483123779297 0
1697708999232 -118.07427215576172 0
1697708999652 -117.9636459350586 0
1697709000069 -117.85955047607422 0
1697709000484 -117.78883361816406 0
1697709000899 -117.67794799804688 0
1697709001316 -117.56282043457031 0
1697709001760 -117.70279693603516 0
1697709002173 -117.91984558105469 0
1697709002587 -117.96528625488281 0
1697709002997 -118.10493469238281 0
1697709003409 -118.04198455810547 0
1697709003824 -118.03889465332031 0
1697709004238 -118.07477569580078 0
1697709004672 -118.05696105957031 0
1697709005081 -118.14356994628906 0
1697709005499 -118.1341323852539 0
1697709005911 -118.18061065673828 0
1697709006320 -118.1499252319336 0
1697709006735 -118.1668472290039 0
1697709007147 -118.10301971435547 0
1697709007560 -118.16912078857422 0
1697709007971 -118.0120620727539 0
1697709008386 -118.05152130126953 0
1697709008812 -118.09424591064453 0
1697709009244 -118.06712341308594 0
1697709009658 -117.90445709228516 0
1697709010075 -117.69795989990234 0
1697709010490 -117.52058410644531 0
1697709010905 -117.37921905517578 0
1697709011325 -117.18102264404297 0
1697709011744 -117.29244995117188 0
1697709012159 -117.3261489868164 0
1697709012574 -117.3366470336914 0
1697709012991 -117.49628448486328 0
1697709013411 -117.68562316894531 0
1697709013824 -117.73645782470703 0
1697709014243 -117.93672180175781 0
1697709014659 -118.1072998046875 0
1697709015075 -118.19628143310547 0
1697709015494 -118.35859680175781 0
1697709015911 -118.61249542236328 0
1697709016328 -118.50799560546875 0
1697709016756 -118.73609924316406 0
1697709017174 -118.91654968261719 0
1697709017587 -118.9881362915039 0
1697709018003 -118.88574981689453 0
1697709018424 -119.00299835205078 0
1697709018840 -119.02389526367188 0
1697709019260 -118.94029998779297 0
1697709019677 -118.7867202758789 0
1697709020095 -118.68619537353516 0
1697709020512 -118.7705307006836 0
1697709020928 -118.75452423095703 0
1697709021347 -118.90190887451172 0
1697709021767 -119.01903533935547 0
1697709022186 -119.14971923828125 0
1697709022601 -119.19432067871094 0
1697709023018 -119.2203369140625 0
1697709023438 -119.34972381591797 0
1697709023855 -119.29259490966797 0
1697709024272 -119.38892364501953 0
1697709024692 -119.1673812866211 0
1697709025111 -119.30657196044922 0
1697709025527 -119.27559661865234 0
1697709025945 -119.23989868164062 0
1697709026362 -119.25727081298828 0
1697709026782 -119.17647552490234 0
1697709027200 -119.26978302001953 0
1697709027620 -119.42677307128906 0
1697709028037 -119.48434448242188 0
1697709028455 -119.47369384765625 0
1697709028872 -119.44469451904297 0
1697709029291 -119.5088119506836 0
1697709029710 -119.42303466796875 0
1697709030126 -119.53719329833984 0
1697709030540 -119.3525619506836 0
1697709030962 -119.36450958251953 0
1697709031379 -118.99867248535156 0
1697709031797 -119.10364532470703 0
1697709032218 -119.17179870605469 0
1697709032635 -119.14029693603516 0
1697709033049 -119.14969635009766 0
1697709033470 -119.18527221679688 0
1697709033890 -119.26622009277344 0
1697709034307 -119.03370666503906 0
1697709034724 -118.90995788574219 0
1697709035142 -118.94727325439453 0
1697709035558 -118.77959442138672 0
1697709035973 -118.81604766845703 0
1697709036392 -118.7626724243164 0
1697709036812 -118.83009338378906 0
1697709037226 -118.97570037841797 0
1697709037645 -119.07362365722656 0
1697709038062 -119.09330749511719 0
1697709038475 -119.20313262939453 0
1697709038895 -119.42301940917969 0
1697709039314 -119.47464752197266 0
1697709039730 -119.60723114013672 0
1697709040147 -119.65922546386719 0
1697709040562 -119.89339447021484 0
1697709040977 -119.95478820800781 0
1697709041406 -119.89192199707031 0
1697709041823 -119.91230010986328 0
1697709042241 -119.97134399414062 0
1697709042656 -119.77597045898438 0
1697709043075 -119.55760955810547 0
1697709043491 -119.5078125 0
1697709043909 -119.63530731201172 0
1697709044326 -119.80254364013672 0
1697709044747 -119.82733154296875 0
1697709045164 -119.73786926269531 0
1697709045576 -119.17208099365234 0
1697709045996 -118.45443725585938 0
1697709046422 -117.29590606689453 0
1697709046838 -118.31199645996094 0
1697709047255 -118.50062561035156 0
1697709047673 -118.21924591064453 0
1697709048087 -118.58292388916016 0
1697709048507 -118.29389953613281 0
1697709048932 -118.18372344970703 0
1697709049351 -118.35432434082031 0
1697709049766 -118.86946868896484 0
1697709050185 -119.0654067993164 0
1697709050603 -119.35232543945312 0
1697709051020 -119.3168716430664 0
1697709051446 -119.31427001953125 0
1697709051865 -119.28514862060547 0
1697709052279 -119.39649963378906 0
1697709052700 -119.41596221923828 0
1697709053121 -119.52565002441406 0
1697709053534 -119.57372283935547 0
1697709053953 -119.59262084960938 0
1697709054371 -119.6516342163086 0
1697709054789 -119.75199890136719 0
1697709055208 -119.74250793457031 0
1697709055627 -119.81939697265625 0
1697709056043 -119.94800567626953 0
1697709056457 -120.15521240234375 0
1697709056878 -120.12349700927734 0
1697709057297 -120.2770004272461 0
1697709057715 -120.23709869384766 0
1697709058133 -120.39432525634766 0
1697709058551 -120.48057556152344 0
1697709058966 -120.4658203125 0
1697709059382 -120.54344940185547 0
1697709059802 -120.57032012939453 0
1697709060222 -120.57875061035156 0
1697709060639 -120.72494506835938 0
1697709061055 -120.78170013427734 0
1697709061474 -120.78899383544922 0
1697709061890 -120.83228302001953 0
1697709062310 -120.92012023925781 0
1697709062727 -121.06549835205078 0
1697709063144 -121.04104614257812 0
1697709063572 -121.13902282714844 0
1697709064015 -121.09062194824219 0
1697709064455 -121.23712158203125 0
1697709064871 -121.16643524169922 0
1697709065302 -121.16604614257812 0
1697709065734 -121.14425659179688 0
1697709066156 -121.12596893310547 0
1697709066573 -121.23330688476562 0
1697709066987 -121.20389556884766 0
1697709067404 -121.20313262939453 0
1697709067821 -121.29314422607422 0
1697709068238 -121.36444854736328 0
1697709068671 -121.3485107421875 0
1697709069103 -121.4144058227539 0
1697709069535 -121.48966979980469 0
1697709069955 -121.54263305664062 0
1697709070376 -121.5386962890625 0
1697709070787 -121.51144409179688 0
1697709071201 -121.5915756225586 0
1697709071616 -121.52738189697266 0
1697709072031 -121.60992431640625 0
1697709072450 -121.67584991455078 0
1697709072867 -121.65044403076172 0
1697709073294 -121.65729522705078 0
1697709073728 -121.65959930419922 0
1697709074143 -121.71172332763672 0
1697709074571 -121.753173828125 0
1697709074986 -121.77996826171875 0
1697709075415 -121.79362487792969 0
1697709075843 -121.80516052246094 0
1697709076263 -121.81385803222656 0
1697709076686 -122.02571868896484 0
1697709077111 -121.92485809326172 0
1697709077534 -121.98735046386719 0
1697709077962 -121.90544891357422 0
1697709078382 -121.91704559326172 0
1697709078798 -121.87159729003906 0
1697709079210 -122.0084457397461 0
1697709079622 -122.0083999633789 0
1697709080039 -122.04196166992188 0
1697709080451 -122.00611877441406 0
1697709080864 -122.11766052246094 0
1697709081279 -121.99308776855469 0
1697709081692 -121.97100067138672 0
1697709082106 -122.01956939697266 0
1697709082518 -121.9443359375 0
1697709082932 -121.89774322509766 0
1697709083344 -121.86576843261719 0
1697709083759 -121.85887145996094 0
1697709084173 -121.8835220336914 0
1697709084606 -122.00401306152344 0
1697709085018 -121.99072265625 0
1697709085430 -122.02132415771484 0
1697709085846 -122.07752227783203 0
1697709086259 -122.03707122802734 0
1697709086671 -122.08247375488281 0
1697709087085 -122.05057525634766 0
1697709087497 -122.02890014648438 0
1697709087926 -121.81642150878906 0
1697709088366 -121.18885040283203 0
1697709088783 -120.4480972290039 0
1697709089228 -118.66437530517578 0
1697709089675 -118.60411071777344 0
1697709090112 -120.12799835205078 0
1697709090535 -120.42139434814453 0
1697709090957 -120.38694763183594 0
1697709091369 -120.72439575195312 0
1697709091792 -120.92498779296875 0
1697709092215 -120.87367248535156 0
1697709092629 -120.90594482421875 0
1697709093047 -120.51359558105469 0
1697709093467 -120.00244903564453 0
1697709093886 -120.09547424316406 0
1697709094308 -120.27769470214844 0
1697709094724 -120.21492004394531 0
1697709095143 -119.89051055908203 0
1697709095561 -119.61811065673828 0
1697709095999 -119.16475677490234 0
1697709096419 -118.66312408447266 0
1697709096838 -118.265625 0
1697709097254 -118.2315444946289 0
1697709097682 -117.9600830078125 0
1697709098108 -118.01309967041016 0
1697709098527 -118.15028381347656 0
1697709098942 -118.28258514404297 0
1697709099353 -118.4061508178711 0
1697709099768 -118.78238677978516 0
1697709100183 -119.21347045898438 0
1697709100600 -119.46707153320312 0
1697709101019 -119.83811950683594 0
1697709101430 -120.28227233886719 0
1697709101843 -120.4533462524414 0
1697709102264 -120.70710754394531 0
1697709102682 -120.97956848144531 0
1697709103101 -121.12894439697266 0
1697709103511 -121.35594940185547 0
1697709103928 -121.43147277832031 0
1697709104340 -121.58059692382812 0
1697709104754 -121.58797454833984 0
1697709105205 -121.80371856689453 0
1697709105666 -121.79627227783203 0
1697709106123 -121.73950958251953 0
1697709106581 -121.90515899658203 0
1697709107010 -122.04183197021484 0
1697709107439 -122.15104675292969 0
1697709107864 -122.25971221923828 0
1697709108288 -122.29527282714844 0
1697709108709 -122.32086944580078 0
1697709109137 -122.52093505859375 0
1697709109557 -122.59040832519531 0
1697709109978 -122.60552215576172 0
1697709110406 -122.62273406982422 0
1697709110820 -122.5584945678711 0
1697709111250 -122.59367370605469 0
1697709111663 -122.62889862060547 0
1697709112082 -122.67115020751953 0
1697709112494 -122.71528625488281 0
1697709112917 -122.74996948242188 0
1697709113339 -122.80316925048828 0
1697709113754 -122.86129760742188 0
1697709114170 -122.83891296386719 0
1697709114597 -122.82722473144531 0
1697709115011 -122.79959869384766 0
1697709115425 -122.82857513427734 0
1697709115836 -122.86885070800781 0
1697709116253 -122.95764923095703 0
1697709116693 -122.94347381591797 0
1697709117145 -122.96446990966797 0
1697709117584 -123.01790618896484 0
1697709118017 -123.09430694580078 0
1697709118444 -123.06322479248047 0
1697709118871 -123.00636291503906 0
1697709119282 -123.0616683959961 0
1697709119715 -123.05261993408203 0
1697709120167 -123.20879364013672 0
1697709120619 -123.20694732666016 0
1697709121039 -123.2354965209961 0
1697709121459 -123.26547241210938 0
1697709121871 -123.34105682373047 0
1697709122284 -123.31816864013672 0
1697709122713 -123.44669342041016 0
1697709123148 -123.5328369140625 0
1697709123564 -123.4595718383789 0
1697709123976 -123.41598510742188 0
1697709124389 -123.40631866455078 0
1697709124806 -123.53397369384766 0
1697709125246 -123.63003540039062 0
1697709125660 -123.46419525146484 0
1697709126074 -123.34689331054688 0
1697709126516 -123.42041015625 0
1697709126934 -123.39356994628906 0
1697709127355 -123.47549438476562 0
1697709127778 -123.50689697265625 0
1697709128194 -123.47026062011719 0
1697709128609 -123.4147720336914 0
1697709129024 -123.5401840209961 0
1697709129435 -123.6073989868164 0
1697709129852 -123.62537384033203 0
1697709130267 -123.4911880493164 0
1697709130682 -123.36515045166016 0
1697709131097 -123.41641998291016 0
1697709131511 -123.59478759765625 0
1697709131928 -123.7659683227539 0
1697709132343 -123.75919342041016 0
1697709132756 -123.69334411621094 0
1697709133174 -123.88847351074219 0
1697709133588 -123.76509857177734 0
1697709134000 -123.85554504394531 0
1697709134414 -123.91665649414062 0
1697709134836 -124.03166198730469 0
1697709135257 -124.00051879882812 0
1697709135674 -124.00286102294922 0
1697709136091 -124.15656280517578 0
1697709136512 -124.09312438964844 0
1697709136931 -124.04774475097656 0
1697709137348 -124.17144775390625 0
1697709137767 -124.24424743652344 0
1697709138183 -124.25638580322266 0
1697709138597 -124.24019622802734 0
1697709139013 -124.25202178955078 0
1697709139431 -124.1976318359375 0
1697709139847 -124.2119369506836 0
1697709140268 -124.30189514160156 0
1697709140691 -124.26116943359375 0
1697709141113 -124.25359344482422 0
1697709141532 -124.25914764404297 0
1697709141947 -124.3520736694336 0
1697709142369 -124.24777221679688 0
1697709142809 -124.06097412109375 0
1697709143231 -124.1533432006836 0
1697709143656 -124.17669677734375 0
1697709144070 -124.0823974609375 0
1697709144486 -124.0225601196289 0
1697709144903 -123.9761962890625 0
1697709145311 -124.08539581298828 0
1697709145747 -124.03750610351562 0
1697709146157 -124.08009338378906 0
1697709146572 -124.04829406738281 0
1697709146984 -124.04791259765625 0
1697709147398 -124.07646179199219 0
1697709147833 -124.06999969482422 0
1697709148256 -124.1216812133789 0
1697709148672 -124.11322021484375 0
1697709149090 -124.07487487792969 0
1697709149513 -124.13227081298828 0
1697709149965 -124.14202117919922 0
1697709150401 -124.27899932861328 0
1697709150822 -124.29859924316406 0
1697709151249 -124.29253387451172 0
1697709151685 -124.42097473144531 0
1697709152119 -124.43840026855469 0
1697709152546 -124.50004577636719 0
1697709152962 -124.55999755859375 0
1697709153376 -124.59093475341797 0
1697709153804 -124.58474731445312 0
1697709154265 -124.63892364501953 0
1697709154696 -124.75031280517578 0
1697709155140 -124.69562530517578 0
1697709155567 -124.74765014648438 0
1697709155991 -124.77447509765625 0
1697709156439 -124.78253173828125 0
1697709156890 -124.86695861816406 0
1697709157339 -124.79304504394531 0
1697709157752 -124.89434814453125 0
1697709158168 -124.82953643798828 0
1697709158588 -124.91609954833984 0
1697709158998 -124.9262466430664 0
1697709159415 -124.98577117919922 0
1697709159828 -124.89898681640625 0
1697709160245 -125.002197265625 0
1697709160664 -124.96074676513672 0
1697709161094 -124.98639678955078 0
1697709161551 -125.093505859375 0
1697709161969 -125.06951904296875 0
1697709162381 -125.16998291015625 0
1697709162799 -125.08807373046875 0
1697709163212 -125.11329650878906 0
1697709163623 -125.08901977539062 0
1697709164038 -125.05584716796875 0
1697709164450 -125.06909942626953 0
1697709164865 -125.06974792480469 0
1697709165281 -125.11173248291016 0
1697709165708 -124.96432495117188 0
1697709166125 -124.98725891113281 0
1697709166538 -124.98438262939453 0
1697709166952 -125.05867004394531 0
1697709167366 -125.06802368164062 0
1697709167782 -125.07669830322266 0
1697709168204 -125.07550811767578 0
1697709168620 -124.99591827392578 0
1697709169032 -125.00836181640625 0
1697709169443 -124.96446990966797 0
1697709169871 -124.95109558105469 0
1697709170327 -124.97895812988281 0
1697709170748 -125.03694915771484 0
1697709171166 -125.08484649658203 0
1697709171577 -124.97785949707031 0
1697709171990 -125.04747009277344 0
1697709172432 -125.12513732910156 0
1697709172851 -125.01524353027344 0
1697709173276 -125.03752136230469 0
1697709173704 -124.93296813964844 0
1697709174131 -124.8876953125 0
1697709174564 -124.79615020751953 0
1697709174987 -124.7356948852539 0
1697709175415 -124.80330657958984 0
1697709175843 -124.78413391113281 0
1697709176273 -124.76821899414062 0
1697709176695 -124.8497085571289 0
1697709177132 -124.87854766845703 0
1697709177607 -124.87189483642578 0
1697709178056 -124.97974395751953 0
1697709178488 -125.08197021484375 0
1697709178919 -125.06996154785156 0
1697709179343 -125.05232238769531 0
1697709179755 -125.13291931152344 0
1697709180171 -125.08522033691406 0
1697709180587 -125.26838684082031 0
1697709181002 -125.2158203125 0
1697709181424 -125.34361267089844 0
1697709181843 -125.27093505859375 0
1697709182264 -125.37124633789062 0
1697709182679 -125.35885620117188 0
1697709183099 -125.3750228881836 0
1697709183519 -125.3995361328125 0
1697709183946 -125.46417236328125 0
1697709184363 -125.4387435913086 0
1697709184782 -125.4456558227539 0
1697709185204 -125.52381134033203 0
1697709185621 -125.59174346923828 0
1697709186046 -125.53302001953125 0
1697709186473 -125.59336853027344 0
1697709186915 -125.62361907958984 0
1697709187370 -125.5975112915039 0
1697709187842 -125.69747161865234 0
1697709188277 -125.6609115600586 0
1697709188691 -125.82270050048828 0
1697709189122 -125.76316833496094 0
1697709189581 -125.75677490234375 0
1697709190035 -125.74835968017578 0
1697709190489 -125.46930694580078 0
1697709190927 -125.52428436279297 0
1697709191344 -125.71537017822266 0
1697709191763 -125.69318389892578 0
1697709192180 -125.45469665527344 0
1697709192599 -125.75859832763672 0
1697709193031 -125.33619689941406 0
1697709193487 -125.45481872558594 0
1697709193946 -125.3802490234375 0
1697709194366 -125.2170181274414 0
1697709194793 -125.47879791259766 0
1697709195212 -125.29564666748047 0
1697709195638 -125.60104370117188 0
1697709196051 -125.38385009765625 0
1697709196465 -125.65071868896484 0
1697709196887 -125.46453094482422 0
1697709197302 -125.77332305908203 0
1697709197722 -125.65625762939453 0
1697709198136 -125.84342193603516 0
1697709198544 -125.81663513183594 0
1697709198983 -125.90582275390625 0
1697709199425 -125.89017486572266 0
1697709199847 -125.92315673828125 0
1697709200275 -125.77473449707031 0
1697709200709 -125.95174407958984 0
1697709201143 -125.73949432373047 0
1697709201558 -125.86714935302734 0
1697709201971 -125.90155029296875 0
1697709202386 -125.96544647216797 0
1697709202802 -125.92012023925781 0
1697709203217 -125.97012329101562 0
1697709203631 -126.02179718017578 0
1697709204043 -126.07695770263672 0
1697709204459 -126.13230895996094 0
1697709204872 -126.11079406738281 0
1697709205287 -126.06137084960938 0
1697709205704 -126.11172485351562 0
1697709206118 -126.03784942626953 0
1697709206528 -126.10977172851562 0
1697709206947 -126.0940933227539 0
1697709207363 -126.09506225585938 0
1697709207775 -126.0888442993164 0
1697709208193 -126.09603118896484 0
1697709208604 -126.1839828491211 0
1697709209019 -126.05374908447266 0
1697709209435 -126.0654067993164 0
1697709209850 -126.00643157958984 0
1697709210262 -126.0815200805664 0
1697709210676 -125.92105865478516 0
1697709211091 -125.95687103271484 0
1697709211507 -125.91099548339844 0
1697709211922 -125.87752532958984 0
1697709212337 -125.81861114501953 0
1697709212756 -125.31034851074219 0
1697709213207 -124.9627456665039 0
1697709213635 -124.61284637451172 0
1697709214064 -124.5317611694336 0
1697709214488 -124.49424743652344 0
1697709214910 -124.3053207397461 0
1697709215345 -124.345947265625 0
1697709215762 -124.4408950805664 0
1697709216185 -124.26933288574219 0
1697709216600 -124.03054809570312 0
1697709217015 -123.87557220458984 0
1697709217444 -123.86094665527344 0
1697709217869 -123.8886947631836 0
1697709218292 -123.85472106933594 0
1697709218715 -123.70242309570312 0
1697709219136 -123.39004516601562 0
1697709219563 -123.20834350585938 0
1697709219975 -123.55159759521484 0
1697709220391 -122.85474395751953 0
1697709220823 -118.94136047363281 0
1697709221246 -121.44502258300781 0
1697709221665 -121.6064453125 0
1697709222091 -121.5009994506836 0
1697709222523 -119.57292175292969 0
1697709222943 -121.80872344970703 0
1697709223373 -121.61965942382812 0
1697709223798 -121.06475067138672 0
1697709224231 -122.20671844482422 0
1697709224643 -122.63195037841797 0
1697709225064 -122.59302520751953 0
1697709225480 -123.22447204589844 0
1697709225893 -123.43196868896484 0
1697709226318 -123.55079650878906 0
1697709226743 -124.047607421875 0
1697709227178 -124.53321075439453 0
1697709227601 -124.49237060546875 0
1697709228027 -124.62667083740234 0
1697709228455 -124.79167175292969 0
1697709228880 -125.08490753173828 0
1697709229294 -125.37662506103516 0
1697709229731 -125.32998657226562 0
1697709230157 -125.41847229003906 0
1697709230581 -125.5562744140625 0
1697709231011 -125.86304473876953 0
1697709231431 -125.88378143310547 0
1697709231850 -125.95927429199219 0
1697709232274 -126.05326843261719 0
1697709232705 -126.20362091064453 0
1697709233118 -126.17777252197266 0
1697709233547 -126.29376983642578 0
1697709233961 -126.3759994506836 0
1697709234385 -126.36865997314453 0
1697709234824 -126.42959594726562 0
1697709235278 -126.54940032958984 0
1697709235731 -126.48810577392578 0
1697709236162 -126.5638198852539 0
1697709236590 -126.63682556152344 0
1697709237023 -126.72908782958984 0
1697709237452 -126.81301879882812 0
1697709237868 -126.82449340820312 0
1697709238286 -126.78319549560547 0
1697709238717 -126.85411834716797 0
1697709239141 -126.82572174072266 0
1697709239571 -126.8759994506836 0
1697709239998 -126.89176177978516 0
1697709240425 -126.9046859741211 0
1697709240847 -126.9302749633789 0
1697709241290 -126.98539733886719 0
1697709241741 -126.94233703613281 0
1697709242179 -126.97549438476562 0
1697709242595 -127.08486938476562 0
1697709243010 -127.04016876220703 0
1697709243425 -127.09817504882812 0
1697709243845 -127.09381103515625 0
1697709244265 -127.1230239868164 0
1697709244685 -126.98538208007812 0
1697709245110 -127.06743621826172 0
1697709245535 -127.11124420166016 0
1697709245955 -127.10649871826172 0
1697709246374 -127.19219970703125 0
1697709246807 -127.06804656982422 0
1697709247229 -127.01482391357422 0
1697709247662 -127.0378189086914 0
1697709248101 -127.07936096191406 0
1697709248523 -127.07454681396484 0
1697709248955 -127.0872573852539 0
1697709249375 -127.16001892089844 0
1697709249800 -127.18621826171875 0
1697709250247 -127.11109924316406 0
1697709250700 -127.15966033935547 0
1697709251123 -127.22241973876953 0
1697709251551 -127.15376281738281 0
1697709251977 -127.09134674072266 0
1697709252403 -127.15010833740234 0
1697709252827 -127.0697250366211 0
1697709253240 -127.03684997558594 0
1697709253664 -126.69942474365234 0
1697709254093 -126.21269989013672 0
1697709254518 -125.86680603027344 0
1697709254948 -125.71550750732422 0
1697709255388 -125.51725006103516 0
1697709255807 -125.69261932373047 0
1697709256259 -125.42797088623047 0
1697709256687 -125.4422836303711 0
1697709257131 -125.96434783935547 0
1697709257560 -126.0147476196289 0
1697709257977 -125.54778289794922 0
1697709258402 -125.48126220703125 0
1697709258842 -124.9813003540039 0
1697709259272 -124.81539916992188 0
1697709259699 -124.55596160888672 0
1697709260124 -124.31819915771484 0
1697709260556 -124.2137451171875 0
1697709260992 -124.21973419189453 0
1697709261448 -124.0896224975586 0
1697709261875 -123.89192199707031 0
1697709262295 -123.9041748046875 0
1697709262734 -123.84426879882812 0
1697709263150 -124.16169738769531 0
1697709263579 -124.15029907226562 0
1697709264008 -124.36795043945312 0
1697709264430 -124.65216827392578 0
1697709264858 -124.79891967773438 0
1697709265279 -125.11884307861328 0
1697709265694 -125.13358306884766 0
1697709266126 -125.28462219238281 0
1697709266561 -125.5729751586914 0
1697709266985 -125.7054443359375 0
1697709267403 -125.84972381591797 0
1697709267822 -125.93846893310547 0
1697709268243 -125.95167541503906 0
1697709268659 -126.1370849609375 0
1697709269079 -126.24662017822266 0
1697709269492 -126.38533782958984 0
1697709269908 -126.42845916748047 0
1697709270327 -126.5022964477539 0
1697709270744 -126.57535552978516 0
1697709271161 -126.72172546386719 0
1697709271579 -126.71519470214844 0
1697709271995 -126.82305908203125 0
1697709272410 -126.93679809570312 0
1697709272829 -126.89644622802734 0
1697709273247 -126.99024963378906 0
1697709273663 -127.06101989746094 0
1697709274076 -127.11920928955078 0
1697709274492 -127.12618255615234 0
1697709274909 -127.11509704589844 0
1697709275329 -127.14830780029297 0
1697709275748 -127.23538208007812 0
1697709276167 -127.31287384033203 0
1697709276611 -127.33364868164062 0
1697709277058 -127.3797836303711 0
1697709277483 -127.36100769042969 0
1697709277935 -127.42857360839844 0
1697709278388 -127.43562316894531 0
1697709278807 -127.46968078613281 0
1697709279223 -127.51179504394531 0
1697709279636 -127.558349609375 0
1697709280050 -127.53572082519531 0
1697709280463 -127.62844848632812 0
1697709280877 -127.64791107177734 0
1697709281296 -127.65139770507812 0
1697709281711 -127.58617401123047 0
1697709282127 -127.6388931274414 0
1697709282551 -127.66043090820312 0
1697709282989 -127.67524719238281 0
1697709283400 -127.72994995117188 0
1697709283814 -127.70867156982422 0
1697709284229 -127.7614974975586 0
1697709284641 -127.75664520263672 0
1697709285055 -127.73210906982422 0
1697709285471 -127.69662475585938 0
1697709285893 -127.81023406982422 0
1697709286309 -127.7856216430664 0
1697709286748 -127.76553344726562 0
1697709287170 -127.79180908203125 0
1697709287587 -127.81328582763672 0
1697709287998 -127.85589599609375 0
1697709288411 -127.82366180419922 0
1697709288863 -127.85908508300781 0
1697709289297 -127.8896484375 0
1697709289720 -127.99442291259766 0
1697709290137 -127.95851135253906 0
1697709290558 -127.85833740234375 0
1697709290988 -127.96166229248047 0
1697709291407 -127.95018768310547 0
1697709291824 -127.87577056884766 0
1697709292253 -127.8874740600586 0
1697709292683 -127.8866958618164 0
1697709293108 -127.9273681640625 0
1697709293528 -127.93504333496094 0
1697709293939 -127.96489715576172 0
1697709294361 -127.9996566772461 0
1697709294783 -128.0656280517578 0
1697709295199 -128.07034301757812 0
1697709295616 -128.16416931152344 0
1697709296048 -128.14035034179688 0
1697709296466 -128.12197875976562 0
1697709296883 -128.17010498046875 0
1697709297303 -128.2437286376953 0
1697709297718 -128.20640563964844 0
1697709298139 -128.24819946289062 0
1697709298554 -128.2667694091797 0
1697709298974 -128.29763793945312 0
1697709299395 -128.28407287597656 0
1697709299841 -128.34759521484375 0
1697709300290 -128.28411865234375 0
1697709300750 -128.173828125 0
1697709301197 -128.18661499023438 0
1697709301620 -128.0955810546875 0
1697709302040 -128.05921936035156 0
1697709302461 -127.94631958007812 0
1697709302888 -127.83179473876953 0
1697709303307 -127.907470703125 0
1697709303726 -127.97604370117188 0
1697709304144 -127.94938659667969 0
1697709304560 -127.92009735107422 0
1697709304972 -127.87987518310547 0
1697709305392 -127.70902252197266 0
1697709305805 -127.71179962158203 0
1697709306227 -127.74408721923828 0
1697709306643 -127.83773803710938 0
1697709307055 -127.8975601196289 0
1697709307486 -127.81377410888672 0
1697709307952 -127.8071060180664 0
1697709308422 -127.83527374267578 0
1697709308859 -127.9013442993164 0
1697709309280 -127.9523696899414 0
1697709309707 -128.05075073242188 0
1697709310125 -128.0520477294922 0
1697709310547 -128.11605834960938 0
1697709310980 -128.10324096679688 0
1697709311395 -128.10107421875 0
1697709311809 -128.1747283935547 0
1697709312229 -128.24107360839844 0
1697709312645 -128.25738525390625 0
1697709313066 -128.26226806640625 0
1697709313488 -128.28541564941406 0
1697709313912 -128.3304901123047 0
1697709314370 -128.3616180419922 0
1697709314827 -128.38092041015625 0
1697709315278 -128.43638610839844 0
1697709315716 -128.4824676513672 0
1697709316131 -128.51882934570312 0
1697709316545 -128.5101776123047 0
1697709316967 -128.50677490234375 0
1697709317378 -128.62022399902344 0
1697709317795 -128.58631896972656 0
1697709318210 -128.5962677001953 0
1697709318623 -128.57864379882812 0
1697709319037 -128.5955810546875 0
1697709319451 -128.5438232421875 0
1697709319867 -128.44578552246094 0
1697709320276 -128.5559539794922 0
1697709320695 -128.54307556152344 0
1697709321106 -128.56431579589844 0
1697709321532 -128.49684143066406 0
1697709321944 -128.51486206054688 0
1697709322363 -128.4896697998047 0
1697709322778 -128.54396057128906 0
1697709323204 -128.58302307128906 0
1697709323615 -128.62127685546875 0
1697709324035 -128.64285278320312 0
1697709324446 -128.61831665039062 0
1697709324863 -128.5902862548828 0
1697709325316 -128.6201934814453 0
1697709325771 -128.6513214111328 0
1697709326226 -128.6646728515625 0
1697709326660 -128.71221923828125 0
1697709327076 -128.70245361328125 0
1697709327494 -128.7397918701172 0
1697709327911 -128.67808532714844 0
1697709328341 -128.6990203857422 0
1697709328763 -128.74725341796875 0
1697709329178 -128.8269500732422 0
1697709329607 -128.7969970703125 0
1697709330053 -128.8099365234375 0
1697709330508 -128.7959442138672 0
1697709330938 -128.83572387695312 0
1697709331354 -128.89186096191406 0
1697709331775 -128.9275665283203 0
1697709332222 -128.943603515625 0
1697709332667 -128.86195373535156 0
1697709333107 -128.9119110107422 0
1697709333563 -128.94029235839844 0
1697709333999 -128.97984313964844 0
1697709334412 -128.9351043701172 0
1697709334828 -128.97463989257812 0
1697709335247 -128.9799041748047 0
1697709335667 -128.9363555908203 0
1697709336089 -128.99801635742188 0
1697709336503 -128.9909210205078 0
1697709336916 -129.0076141357422 0
1697709337357 -128.98976135253906 0
1697709337805 -129.02577209472656 0
1697709338266 -129.01707458496094 0
1697709338712 -129.0443115234375 0
1697709339141 -129.04052734375 0
1697709339565 -129.02427673339844 0
1697709339992 -129.0468292236328 0
1697709340406 -129.07464599609375 0
1697709340844 -129.04519653320312 0
1697709341299 -129.106689453125 0
1697709341747 -129.06578063964844 0
1697709342170 -129.10946655273438 0
1697709342589 -129.11160278320312 0
1697709343048 -129.14306640625 0
1697709343480 -129.11920166015625 0
1697709343927 -129.1206512451172 0
1697709344349 -129.14178466796875 0
1697709344796 -129.1371612548828 0
1697709345243 -129.1859893798828 0
1697709345692 -129.17970275878906 0
1697709346148 -129.12570190429688 0
1697709346583 -129.14466857910156 0
1697709346998 -129.1951446533203 0
1697709347416 -129.16685485839844 0
1697709347839 -129.2310028076172 0
1697709348254 -129.20274353027344 0
1697709348666 -129.20919799804688 0
1697709349084 -129.23191833496094 0
1697709349495 -129.201171875 0
1697709349909 -129.2554168701172 0
1697709350348 -129.23004150390625 0
1697709350787 -129.26446533203125 0
1697709351207 -129.22076416015625 0
1697709351621 -129.34996032714844 0
1697709352034 -129.3497314453125 0
1697709352461 -129.3165740966797 0
1697709352915 -129.29800415039062 0
1697709353372 -129.28591918945312 0
1697709353817 -129.30657958984375 0
1697709354246 -129.32781982421875 0
1697709354673 -129.25576782226562 0
1697709355114 -129.42771911621094 0
1697709355532 -129.24404907226562 0
1697709355954 -129.34164428710938 0
1697709356373 -129.34666442871094 0
1697709356791 -129.29034423828125 0
1697709357208 -129.30709838867188 0
1697709357624 -129.37940979003906 0
1697709358037 -129.35562133789062 0
1697709358456 -129.3438262939453 0
1697709358873 -129.3435516357422 0
1697709359290 -129.37010192871094 0
1697709359709 -129.41033935546875 0
1697709360141 -129.34033203125 0
1697709360567 -129.42501831054688 0
1697709360988 -129.42176818847656 0
1697709361407 -129.44525146484375 0
1697709361828 -129.46560668945312 0
1697709362254 -129.5082244873047 0
1697709362689 -129.4481658935547 0
1697709363108 -129.5153350830078 0
1697709363525 -129.525634765625 0
1697709363940 -129.51516723632812 0
1697709364362 -129.4171905517578 0
1697709364784 -129.4158172607422 0
1697709365202 -129.4218292236328 0
1697709365633 -129.4271697998047 0
1697709366050 -129.30076599121094 0
1697709366493 -129.35691833496094 0
1697709366918 -129.31117248535156 0
1697709367342 -129.3854522705078 0
1697709367759 -129.37969970703125 0
1697709368172 -129.4122772216797 0
1697709368614 -129.3848876953125 0
1697709369039 -129.28578186035156 0
1697709369459 -129.37916564941406 0
1697709369880 -129.3760986328125 0
1697709370304 -129.4447021484375 0
1697709370727 -129.4718017578125 0
1697709371147 -129.45513916015625 0
1697709371599 -129.51058959960938 0
1697709372034 -129.54078674316406 0
1697709372453 -129.5457000732422 0
1697709372885 -129.553466796875 0
1697709373307 -129.60939025878906 0
1697709373735 -129.6260986328125 0
1697709374154 -129.58885192871094 0
1697709374587 -129.57041931152344 0
1697709375007 -129.5854949951172 0
1697709375427 -129.58526611328125 0
1697709375849 -129.53810119628906 0
1697709376263 -129.6125030517578 0
1697709376695 -129.55699157714844 0
1697709377148 -129.60157775878906 0
1697709377566 -129.63084411621094 0
1697709378029 -129.6572723388672 0
1697709378446 -129.7466278076172 0
1697709378871 -129.694580078125 0
1697709379309 -129.65467834472656 0
1697709379761 -129.75643920898438 0
1697709380185 -129.7482452392578 0
1697709380652 -129.73817443847656 0
1697709381093 -129.83396911621094 0
1697709381519 -129.8043975830078 0
1697709381932 -129.74838256835938 0
1697709382359 -129.81631469726562 0
1697709382769 -129.78663635253906 0
1697709383184 -129.80235290527344 0
1697709383603 -129.7930145263672 0
1697709384014 -129.83482360839844 0
1697709384426 -129.8418426513672 0
1697709384842 -129.82199096679688 0
1697709385263 -129.86537170410156 0
1697709385683 -129.84825134277344 0
1697709386103 -129.9261016845703 0
1697709386527 -129.9011993408203 0
1697709386952 -129.9170684814453 0
1697709387367 -129.89002990722656 0
1697709387787 -129.93844604492188 0
1697709388196 -129.9353485107422 0
1697709388619 -129.95361328125 0
1697709389032 -129.96420288085938 0
1697709389446 -129.94387817382812 0
1697709389858 -129.9757080078125 0
1697709390273 -129.983154296875 0
1697709390693 -129.98068237304688 0
1697709391120 -130.06979370117188 0
1697709391537 -129.986328125 0
1697709391958 -130.05047607421875 0
1697709392374 -130.03453063964844 0
1697709392796 -130.0299530029297 0
1697709393207 -130.068603515625 0
1697709393624 -130.08497619628906 0
1697709394030 -130.0680694580078 0
1697709394470 -130.0728759765625 0
1697709394889 -129.997802734375 0
1697709395313 -130.0283660888672 0
1697709395739 -130.040283203125 0
1697709396148 -130.1178741455078 0
1697709396557 -130.06602478027344 0
1697709396973 -130.06320190429688 0
1697709397386 -130.1355743408203 0
1697709397799 -130.1540985107422 0
1697709398211 -130.076904296875 0
1697709398623 -130.12193298339844 0
1697709399036 -130.18287658691406 0
1697709399448 -130.154296875 0
1697709399858 -130.17001342773438 0
1697709400271 -130.16961669921875 0
1697709400686 -130.13662719726562 0
1697709401105 -130.1595916748047 0
1697709401521 -130.16201782226562 0
1697709401941 -130.177001953125 0
1697709402355 -130.217041015625 0
1697709402773 -130.22589111328125 0
1697709403190 -130.17782592773438 0
1697709403602 -130.2042236328125 0
1697709404017 -130.2012939453125 0
1697709404430 -130.20327758789062 0
1697709404843 -130.2135772705078 0
1697709405258 -130.2236785888672 0
1697709405672 -130.14166259765625 0
1697709406086 -130.2460479736328 0
1697709406500 -130.2391357421875 0
1697709406911 -130.1839141845703 0
1697709407337 -130.1610107421875 0
1697709407759 -130.17396545410156 0
1697709408173 -130.16404724121094 0
1697709408585 -130.19500732421875 0
1697709409031 -130.2408447265625 0
1697709409496 -130.18515014648438 0
1697709409964 -130.20721435546875 0
1697709410398 -130.1823272705078 0
1697709410837 -130.17465209960938 0
1697709411264 -130.23568725585938 0
1697709411681 -130.21920776367188 0
1697709412100 -130.22433471679688 0
1697709412515 -130.220703125 0
1697709412943 -130.21136474609375 0
1697709413360 -130.16494750976562 0
1697709413789 -130.2062225341797 0
1697709414235 -130.25852966308594 0
1697709414675 -130.22381591796875 0
1697709415090 -130.18426513671875 0
1697709415514 -130.18679809570312 0
1697709415928 -130.2042236328125 0
1697709416352 -130.17117309570312 0
1697709416776 -130.12681579589844 0
1697709417197 -130.17898559570312 0
1697709417618 -130.2026824951172 0
1697709418036 -130.25326538085938 0
1697709418453 -130.25396728515625 0
1697709418868 -130.2857208251953 0
1697709419283 -130.29299926757812 0
1697709419702 -130.3296356201172 0
1697709420119 -130.20382690429688 0
1697709420535 -130.20770263671875 0
1697709420953 -130.2401885986328 0
1697709421382 -130.14768981933594 0
1697709421801 -130.078369140625 0
1697709422249 -129.89561462402344 0
1697709422707 -129.34239196777344 0
1697709423129 -129.63369750976562 0
1697709423555 -129.57025146484375 0
