1697708680822 180.20701599121094 0
1697708681232 165.822265625 0
1697708681637 145.58529663085938 0
1697708682045 129.5724639892578 0
1697708682453 117.30667877197266 0
1697708682872 107.0420150756836 0
1697708683299 97.91908264160156 0
1697708683715 89.93435668945312 0
1697708684125 82.35088348388672 0
1697708684562 78.5785903930664 0
1697708684990 75.29029083251953 0
1697708685430 72.12369537353516 0
1697708685858 71.75240325927734 0
1697708686264 70.50765228271484 0
1697708686674 73.40459442138672 0
1697708687109 72.20258331298828 0
1697708687549 80.07308197021484 0
1697708687975 84.19697570800781 0
1697708688409 92.10309600830078 0
1697708688844 106.07515716552734 0
1697708689287 126.81543731689453 0
1697708689733 157.149658203125 0
1697708690163 191.91693115234375 0
1697708690584 195.68902587890625 0
1697708691009 178.7354736328125 0
1697708691451 158.27420043945312 0
1697708691892 148.88687133789062 0
1697708692304 138.8839111328125 0
1697708692713 136.1096649169922 0
1697708693146 138.99380493164062 0
1697708693586 142.41159057617188 0
1697708694009 149.18783569335938 0
1697708694448 160.7928924560547 0
1697708694890 172.2182159423828 0
1697708695329 171.46961975097656 0
1697708695741 166.76600646972656 0
1697708696164 160.18673706054688 0
1697708696580 151.71839904785156 0
1697708696988 148.57969665527344 0
1697708697397 141.69577026367188 0
1697708697804 144.62188720703125 0
1697708698212 143.6215362548828 0
1697708698621 150.5142059326172 0
1697708699029 154.85507202148438 0
1697708699437 161.58424377441406 0
1697708699845 164.39332580566406 0
1697708700254 161.7166748046875 0
1697708700662 163.45318603515625 0
1697708701071 157.8890838623047 0
1697708701485 152.52914428710938 0
1697708701926 149.917236328125 0
1697708702383 152.84642028808594 0
1697708702820 148.06341552734375 0
1697708703234 148.67828369140625 0
1697708703642 152.1502685546875 0
1697708704052 153.75465393066406 0
1697708704480 153.99061584472656 0
1697708704914 155.6875 0
1697708705326 157.63836669921875 0
1697708705740 156.38868713378906 0
1697708706150 154.75938415527344 0
1697708706559 153.29978942871094 0
1697708706968 149.38470458984375 0
1697708707379 151.5771484375 0
1697708707812 149.94534301757812 0
1697708708238 145.4751434326172 0
1697708708648 150.30459594726562 0
1697708709056 146.95030212402344 0
1697708709491 152.27064514160156 0
1697708709903 151.5290069580078 0
1697708710318 150.09042358398438 0
1697708710727 153.87283325195312 0
1697708711136 149.7576141357422 0
1697708711546 150.07077026367188 0
1697708711957 152.49839782714844 0
1697708712388 148.1254119873047 0
1697708712801 147.497802734375 0
1697708713252 149.0952606201172 0
1697708713691 149.080322265625 0
1697708714119 145.63223266601562 0
1697708714561 147.2177276611328 0
1697708714970 148.5353546142578 0
1697708715396 145.63589477539062 0
1697708715821 147.0970001220703 0
1697708716240 148.14779663085938 0
1697708716664 146.46438598632812 0
1697708717078 146.22744750976562 0
1697708717488 144.80787658691406 0
1697708717900 144.93675231933594 0
1697708718317 146.1987762451172 0
1697708718737 143.94190979003906 0
1697708719153 143.6540985107422 0
1697708719567 141.8166961669922 0
1697708719978 142.6979217529297 0
1697708720390 143.04537963867188 0
1697708720804 140.2310791015625 0
1697708721231 143.8142852783203 0
1697708721642 143.60484313964844 0
1697708722061 142.7061004638672 0
1697708722472 142.54141235351562 0
1697708722886 142.92933654785156 0
1697708723311 141.6908416748047 0
1697708723724 143.56483459472656 0
1697708724136 140.19203186035156 0
1697708724559 140.23721313476562 0
1697708724978 140.97735595703125 0
1697708725392 141.4853973388672 0
1697708725826 142.39564514160156 0
1697708726237 138.48899841308594 0
1697708726650 138.44581604003906 0
1697708727064 141.51962280273438 0
1697708727503 142.2828369140625 0
1697708727931 138.20213317871094 0
1697708728351 138.21646118164062 0
1697708728763 137.5361328125 0
1697708729174 138.4415283203125 0
1697708729586 135.48077392578125 0
1697708730015 135.81129455566406 0
1697708730426 137.47216796875 0
1697708730838 135.1964874267578 0
1697708731260 136.5360870361328 0
1697708731702 136.2108612060547 0
1697708732138 137.48690795898438 0
1697708732582 137.89430236816406 0
1697708733001 135.58831787109375 0
1697708733413 134.3760223388672 0
1697708733829 137.7815399169922 0
1697708734242 133.62879943847656 0
1697708734663 134.74827575683594 0
1697708735078 132.96986389160156 0
1697708735498 132.0640411376953 0
1697708735915 132.96200561523438 0
1697708736329 135.27259826660156 0
1697708736746 131.9502410888672 0
1697708737162 133.08135986328125 0
1697708737588 131.94406127929688 0
1697708738002 133.9322509765625 0
1697708738415 133.7039794921875 0
1697708738829 132.524169921875 0
1697708739244 132.8271026611328 0
1697708739660 133.5196533203125 0
1697708740074 132.95484924316406 0
1697708740492 132.40679931640625 0
1697708740941 131.845703125 0
1697708741363 132.88449096679688 0
1697708741779 129.442626953125 0
1697708742194 130.61843872070312 0
1697708742607 129.385986328125 0
1697708743026 128.31675720214844 0
1697708743439 130.08184814453125 0
1697708743854 132.04962158203125 0
1697708744270 127.06346893310547 0
1697708744696 133.215087890625 0
1697708745112 126.17532348632812 0
1697708745527 129.85679626464844 0
1697708745962 128.7751922607422 0
1697708746404 128.96780395507812 0
1697708746829 129.64913940429688 0
1697708747267 130.2731170654297 0
1697708747680 126.715576171875 0
1697708748094 129.16818237304688 0
1697708748506 132.26275634765625 0
1697708748921 128.2727508544922 0
1697708749335 126.17687225341797 0
1697708749746 122.80736541748047 0
1697708750159 126.97080993652344 0
1697708750573 124.47543334960938 0
1697708750985 124.85649108886719 0
1697708751400 125.66669464111328 0
1697708751814 126.78106689453125 0
1697708752226 125.04412841796875 0
1697708752639 124.45046997070312 0
1697708753054 125.38894653320312 0
1697708753466 125.13858032226562 0
1697708753880 126.66422271728516 0
1697708754300 123.31817626953125 0
1697708754720 122.36155700683594 0
1697708755133 122.72592163085938 0
1697708755546 124.91301727294922 0
1697708755960 126.704833984375 0
1697708756372 123.08299255371094 0
1697708756786 123.23063659667969 0
1697708757200 122.20018768310547 0
1697708757613 122.46107482910156 0
1697708758027 121.7240219116211 0
1697708758443 122.0389404296875 0
1697708758855 119.7989273071289 0
1697708759269 121.08531951904297 0
1697708759683 120.4137191772461 0
1697708760098 121.39112091064453 0
1697708760510 122.20436096191406 0
1697708760925 122.25371551513672 0
1697708761340 121.67276000976562 0
1697708761753 120.40071868896484 0
1697708762183 120.30126190185547 0
1697708762630 118.66143035888672 0
1697708763049 120.24835968017578 0
1697708763468 121.21867370605469 0
1697708763898 118.7826156616211 0
1697708764326 119.91533660888672 0
1697708764753 119.84425354003906 0
1697708765176 119.97177124023438 0
1697708765597 119.25341033935547 0
1697708766020 115.58113098144531 0
1697708766441 119.4651870727539 0
1697708766860 117.74026489257812 0
1697708767283 116.06519317626953 0
1697708767701 114.54865264892578 0
1697708768124 113.40196990966797 0
1697708768559 116.80243682861328 0
1697708768976 117.74542236328125 0
1697708769391 116.69258117675781 0
1697708769807 117.4339828491211 0
1697708770219 116.81654357910156 0
1697708770634 115.38566589355469 0
1697708771049 112.09323120117188 0
1697708771461 111.96765899658203 0
1697708771874 114.85345458984375 0
1697708772290 114.68733215332031 0
1697708772705 113.4054946899414 0
1697708773117 115.65392303466797 0
1697708773531 117.34635162353516 0
1697708773946 114.0655517578125 0
1697708774370 113.32093811035156 0
1697708774785 113.06835174560547 0
1697708775200 113.29217529296875 0
1697708775612 114.13047790527344 0
1697708776026 112.96810150146484 0
1697708776441 109.84822845458984 0
1697708776879 114.65015411376953 0
1697708777296 110.58856964111328 0
1697708777718 110.81861877441406 0
1697708778135 110.01951599121094 0
1697708778549 113.78314971923828 0
1697708778964 111.45748901367188 0
1697708779379 113.15933227539062 0
1697708779793 114.48514556884766 0
1697708780208 109.70917510986328 0
1697708780623 111.47235107421875 0
1697708781036 109.84940338134766 0
1697708781450 110.70015716552734 0
1697708781864 111.57710266113281 0
1697708782278 109.95902252197266 0
1697708782692 113.39824676513672 0
1697708783107 111.03532409667969 0
1697708783523 112.82991790771484 0
1697708783936 110.37609100341797 0
1697708784361 108.94886016845703 0
1697708784778 107.9270248413086 0
1697708785191 107.7281265258789 0
1697708785606 109.65907287597656 0
1697708786020 110.63186645507812 0
1697708786433 108.27809143066406 0
1697708786847 110.01535034179688 0
1697708787262 109.31696319580078 0
1697708787676 108.68421936035156 0
1697708788092 108.42928314208984 0
1697708788507 109.25201416015625 0
1697708788923 107.43299865722656 0
1697708789336 107.6056900024414 0
1697708789751 106.90032958984375 0
1697708790166 107.0268783569336 0
1697708790579 107.19928741455078 0
1697708790995 107.79814147949219 0
1697708791416 106.19586944580078 0
1697708791829 106.6279067993164 0
1697708792243 105.05862426757812 0
1697708792658 107.35028076171875 0
1697708793071 106.12905883789062 0
1697708793486 106.68950653076172 0
1697708793902 102.81841278076172 0
1697708794322 105.06468963623047 0
1697708794747 105.44670104980469 0
1697708795162 107.84452056884766 0
1697708795577 105.80741882324219 0
1697708795990 104.26502227783203 0
1697708796405 105.27709197998047 0
1697708796819 105.88497161865234 0
1697708797232 104.41209411621094 0
1697708797646 106.71403503417969 0
1697708798061 104.85855865478516 0
1697708798475 103.79304504394531 0
1697708798889 101.93962860107422 0
1697708799304 102.67233276367188 0
1697708799719 102.34465026855469 0
1697708800131 103.58747100830078 0
1697708800546 102.74300384521484 0
1697708800961 103.0842514038086 0
1697708801374 102.50238800048828 0
1697708801795 104.2030258178711 0
1697708802210 104.29611206054688 0
1697708802623 105.19915771484375 0
1697708803037 102.88433074951172 0
1697708803452 105.69532012939453 0
1697708803865 100.57850646972656 0
1697708804282 101.869140625 0
1697708804708 101.8211441040039 0
1697708805123 101.68257141113281 0
1697708805537 99.7831802368164 0
1697708805951 102.34226989746094 0
1697708806366 98.74951171875 0
1697708806778 101.14308166503906 0
1697708807193 103.92082977294922 0
1697708807609 101.24327087402344 0
1697708808022 98.54835510253906 0
1697708808437 100.26268005371094 0
1697708808852 99.54853820800781 0
1697708809265 99.0540542602539 0
1697708809678 100.8989486694336 0
1697708810094 101.63377380371094 0
1697708810509 100.77958679199219 0
1697708810922 100.54351806640625 0
1697708811336 99.99017333984375 0
1697708811751 99.19173431396484 0
1697708812165 99.138427734375 0
1697708812580 97.29317474365234 0
1697708812994 98.56310272216797 0
1697708813407 97.8043441772461 0
1697708813823 98.50962829589844 0
1697708814245 99.7286148071289 0
1697708814674 100.15464782714844 0
1697708815089 98.69544982910156 0
1697708815504 98.54193115234375 0
1697708815920 95.54625701904297 0
1697708816333 97.4449691772461 0
1697708816747 95.994140625 0
1697708817163 96.31034851074219 0
1697708817577 98.62596130371094 0
1697708817993 97.62382507324219 0
1697708818408 98.2899169921875 0
1697708818821 98.4963150024414 0
1697708819237 93.94593811035156 0
1697708819652 94.47510528564453 0
1697708820066 93.6232681274414 0
1697708820481 95.79108428955078 0
1697708820897 95.95320129394531 0
1697708821313 98.62958526611328 0
1697708821726 97.41917419433594 0
1697708822141 97.60061645507812 0
1697708822556 96.34530639648438 0
1697708822970 97.4815902709961 0
1697708823384 94.39705657958984 0
1697708823799 94.64067077636719 0
1697708824212 94.28874206542969 0
1697708824641 92.65262603759766 0
1697708825056 93.30461883544922 0
1697708825471 93.07678985595703 0
1697708825886 94.58846282958984 0
1697708826301 96.03292846679688 0
1697708826716 96.36457824707031 0
1697708827128 95.56954956054688 0
1697708827545 93.77391052246094 0
1697708827959 93.6709976196289 0
1697708828373 90.72896575927734 0
1697708828788 91.72925567626953 0
1697708829203 91.18022155761719 0
1697708829616 91.88660430908203 0
1697708830031 92.49099731445312 0
1697708830447 92.30247497558594 0
1697708830861 94.41312408447266 0
1697708831276 93.0586929321289 0
1697708831692 94.1230697631836 0
1697708832107 92.22816467285156 0
1697708832520 90.74405670166016 0
1697708832935 89.9300308227539 0
1697708833349 90.26309967041016 0
1697708833762 88.68407440185547 0
1697708834177 91.36759948730469 0
1697708834610 91.71283721923828 0
1697708835024 92.31106567382812 0
1697708835438 91.68397521972656 0
1697708835853 91.60128784179688 0
1697708836266 90.05738067626953 0
1697708836679 90.87010955810547 0
1697708837094 91.91732788085938 0
1697708837509 88.92095184326172 0
1697708837922 89.7742919921875 0
1697708838337 90.24420166015625 0
1697708838753 89.91986846923828 0
1697708839166 91.07527923583984 0
1697708839582 89.99161529541016 0
1697708839996 90.10789489746094 0
1697708840410 87.71556091308594 0
1697708840826 87.90984344482422 0
1697708841241 87.51432037353516 0
1697708841654 86.9908218383789 0
1697708842069 89.01632690429688 0
1697708842484 89.85293579101562 0
1697708842898 92.78813934326172 0
1697708843311 92.57837677001953 0
1697708843727 90.24787902832031 0
1697708844141 89.26708221435547 0
1697708844574 87.8233871459961 0
1697708844989 87.3021011352539 0
1697708845404 86.57191467285156 0
1697708845817 87.64312744140625 0
1697708846232 86.2900619506836 0
1697708846647 85.97267150878906 0
1697708847060 88.11866760253906 0
1697708847475 86.10009002685547 0
1697708847891 86.69686126708984 0
1697708848307 85.61056518554688 0
1697708848719 87.27139282226562 0
1697708849133 87.01200103759766 0
1697708849548 87.05677032470703 0
1697708849961 86.13871765136719 0
1697708850376 86.95201110839844 0
1697708850791 85.58386993408203 0
1697708851204 86.5200424194336 0
1697708851620 85.3497085571289 0
1697708852035 86.37040710449219 0
1697708852448 85.85205841064453 0
1697708852864 84.99188995361328 0
1697708853279 85.73038482666016 0
1697708853696 85.66291046142578 0
1697708854110 85.5505599975586 0
1697708854542 88.01176452636719 0
1697708854956 87.82554626464844 0
1697708855370 86.5019760131836 0
1697708855784 84.70772552490234 0
1697708856198 84.01622009277344 0
1697708856611 80.68643188476562 0
1697708857026 85.04914855957031 0
1697708857442 83.7205581665039 0
1697708857855 84.15800476074219 0
1697708858269 86.19898986816406 0
1697708858684 84.56153106689453 0
1697708859098 84.94117736816406 0
1697708859511 86.29193115234375 0
1697708859926 84.84285736083984 0
1697708860342 83.19903564453125 0
1697708860755 83.84783935546875 0
1697708861170 82.66447448730469 0
1697708861585 84.23072814941406 0
1697708861997 81.16577911376953 0
1697708862413 84.60954284667969 0
1697708862828 82.8840103149414 0
1697708863241 83.06481170654297 0
1697708863655 82.12958526611328 0
1697708864069 82.2153091430664 0
1697708864499 83.89818572998047 0
1697708864915 84.40980529785156 0
1697708865336 84.8009033203125 0
1697708865760 81.34175872802734 0
1697708866179 80.6688461303711 0
1697708866593 83.15884399414062 0
1697708867021 84.11407470703125 0
1697708867444 82.01805877685547 0
1697708867858 82.46385192871094 0
1697708868274 81.77202606201172 0
1697708868691 80.38426208496094 0
1697708869105 79.28434753417969 0
1697708869520 80.1881332397461 0
1697708869934 79.97055053710938 0
1697708870347 78.8540267944336 0
1697708870763 80.75746154785156 0
1697708871179 81.65839385986328 0
1697708871593 82.48133850097656 0
1697708872009 83.11282348632812 0
1697708872429 83.01081085205078 0
1697708872842 82.34298706054688 0
1697708873257 82.80924987792969 0
1697708873672 81.82421112060547 0
1697708874087 83.9362564086914 0
1697708874517 83.29185485839844 0
1697708874937 81.27595520019531 0
1697708875357 83.05435180664062 0
1697708875770 82.67082214355469 0
1697708876185 84.60681915283203 0
1697708876599 85.20259857177734 0
1697708877011 86.03438568115234 0
1697708877426 85.08853912353516 0
1697708877843 82.00360870361328 0
1697708878256 81.77395629882812 0
1697708878670 79.27668762207031 0
1697708879091 79.59060668945312 0
1697708879506 77.08480834960938 0
1697708879918 80.80789947509766 0
1697708880345 81.25606536865234 0
1697708880782 81.89447021484375 0
1697708881209 79.46975708007812 0
1697708881668 78.80958557128906 0
1697708882103 78.07769012451172 0
1697708882519 77.17086791992188 0
1697708882933 75.7230453491211 0
1697708883347 75.70468139648438 0
1697708883762 76.67980194091797 0
1697708884176 78.90454864501953 0
1697708884631 81.4921875 0
1697708885073 81.46269989013672 0
1697708885492 81.71650695800781 0
1697708885919 80.26599884033203 0
1697708886342 78.33476257324219 0
1697708886765 76.10675811767578 0
1697708887185 76.68549346923828 0
1697708887601 80.76729583740234 0
1697708888015 80.90499877929688 0
1697708888440 81.4852294921875 0
1697708888863 80.75189971923828 0
1697708889278 77.00784301757812 0
1697708889695 77.34241485595703 0
1697708890119 74.67279052734375 0
1697708890533 73.54902648925781 0
1697708890946 75.43844604492188 0
1697708891379 75.6053237915039 0
1697708891817 75.1368179321289 0
1697708892233 77.86044311523438 0
1697708892647 78.57552337646484 0
1697708893061 76.817138671875 0
1697708893479 77.9947280883789 0
1697708893895 75.81673431396484 0
1697708894330 75.8368911743164 0
1697708894757 75.09795379638672 0
1697708895171 74.70525360107422 0
1697708895601 75.23970794677734 0
1697708896032 74.48421478271484 0
1697708896468 74.88081359863281 0
1697708896893 75.88238525390625 0
1697708897308 74.28253936767578 0
1697708897723 75.36847686767578 0
1697708898149 74.27787017822266 0
1697708898568 72.08097076416016 0
1697708898987 72.29764556884766 0
1697708899446 72.59333801269531 0
1697708899888 72.95879364013672 0
1697708900316 74.53132629394531 0
1697708900740 74.94454956054688 0
1697708901195 75.54158020019531 0
1697708901643 75.4484634399414 0
1697708902063 76.33960723876953 0
1697708902484 74.7503662109375 0
1697708902903 74.2246322631836 0
1697708903324 75.96708679199219 0
1697708903752 78.0766372680664 0
1697708904170 75.22314453125 0
1697708904588 72.93238067626953 0
1697708905004 73.48514556884766 0
1697708905423 71.4035873413086 0
1697708905841 70.23048400878906 0
1697708906257 72.18002319335938 0
1697708906675 71.31092071533203 0
1697708907096 72.84040832519531 0
1697708907516 74.70980072021484 0
1697708907934 74.05339813232422 0
1697708908352 70.18699645996094 0
1697708908768 68.35652923583984 0
1697708909183 68.90892028808594 0
1697708909601 68.86727142333984 0
1697708910019 68.95391082763672 0
1697708910436 71.45218658447266 0
1697708910855 70.29158782958984 0
1697708911273 72.64733123779297 0
1697708911689 72.35269165039062 0
1697708912111 73.49752807617188 0
1697708912529 72.4459228515625 0
1697708912947 71.59686279296875 0
1697708913365 72.31224060058594 0
1697708913785 69.6725845336914 0
1697708914201 68.869384765625 0
1697708914642 71.50099182128906 0
1697708915067 73.82411193847656 0
1697708915503 73.45171356201172 0
1697708915927 74.33515930175781 0
1697708916365 70.93067169189453 0
1697708916822 71.07969665527344 0
1697708917285 69.51956176757812 0
1697708917740 68.80525970458984 0
1697708918202 69.08946990966797 0
1697708918618 69.65111541748047 0
1697708919042 68.87508392333984 0
1697708919472 70.23079681396484 0
1697708919903 67.48751831054688 0
1697708920331 67.04684448242188 0
1697708920760 69.0578384399414 0
1697708921176 68.45232391357422 0
1697708921597 67.4598388671875 0
1697708922021 65.88798522949219 0
1697708922453 67.62977600097656 0
1697708922875 66.59111022949219 0
1697708923295 66.19952392578125 0
1697708923722 67.17388916015625 0
1697708924141 69.970703125 0
1697708924572 70.43621826171875 0
1697708925001 71.23272705078125 0
1697708925433 74.3286361694336 0
1697708925848 73.7437973022461 0
1697708926261 71.34552001953125 0
1697708926687 70.44612121582031 0
1697708927120 69.46780395507812 0
1697708927550 69.15938568115234 0
1697708927971 69.11125183105469 0
1697708928384 72.63275909423828 0
1697708928798 76.51180267333984 0
1697708929211 76.04300689697266 0
1697708929633 72.96503448486328 0
1697708930057 71.26136779785156 0
1697708930477 67.35911560058594 0
1697708930893 64.8070068359375 0
1697708931309 65.67086791992188 0
1697708931726 67.07907104492188 0
1697708932142 67.42436218261719 0
1697708932568 70.0555648803711 0
1697708933013 70.44969940185547 0
1697708933468 72.15404510498047 0
1697708933892 71.17290496826172 0
1697708934314 70.00244140625 0
1697708934749 65.49358367919922 0
1697708935200 63.51436996459961 0
1697708935646 62.681583404541016 0
1697708936092 61.66032028198242 0
1697708936507 62.95191192626953 0
1697708936925 64.97737121582031 0
1697708937355 65.61154174804688 0
1697708937769 67.03115844726562 0
1697708938183 68.38565063476562 0
1697708938602 70.12287902832031 0
1697708939032 68.3683090209961 0
1697708939445 65.21942138671875 0
1697708939859 63.70587921142578 0
1697708940289 62.02433776855469 0
1697708940701 61.99563217163086 0
1697708941116 62.01573181152344 0
1697708941531 61.174015045166016 0
1697708941946 63.66592025756836 0
1697708942359 63.190216064453125 0
1697708942773 64.78571319580078 0
1697708943186 66.06385803222656 0
1697708943601 64.44602966308594 0
1697708944019 67.58341217041016 0
1697708944432 64.7905044555664 0
1697708944845 64.47938537597656 0
1697708945259 64.26106262207031 0
1697708945689 63.60894775390625 0
1697708946125 63.431671142578125 0
1697708946560 62.66859436035156 0
1697708947011 61.48379898071289 0
1697708947463 60.61798095703125 0
1697708947906 62.634063720703125 0
1697708948344 61.98259353637695 0
1697708948777 62.64900588989258 0
1697708949209 65.35369110107422 0
1697708949643 66.48383331298828 0
1697708950086 66.67100524902344 0
1697708950519 64.32611083984375 0
1697708950950 62.2575798034668 0
1697708951392 60.98854446411133 0
1697708951831 59.05789566040039 0
1697708952262 59.0002555847168 0
1697708952696 58.60051727294922 0
1697708953126 60.02962112426758 0
1697708953562 62.52130889892578 0
1697708954000 61.920040130615234 0
1697708954432 62.26059341430664 0
1697708954865 62.6602897644043 0
1697708955316 60.797935485839844 0
1697708955734 60.90890121459961 0
1697708956147 61.58144760131836 0
1697708956560 60.35212326049805 0
1697708956974 60.67654037475586 0
1697708957387 61.40528106689453 0
1697708957801 59.99161911010742 0
1697708958215 61.74107360839844 0
1697708958628 61.70372772216797 0
1697708959041 60.8105583190918 0
1697708959455 60.062198638916016 0
1697708959905 59.663909912109375 0
1697708960330 59.12495803833008 0
1697708960760 58.99201965332031 0
1697708961173 60.81694793701172 0
1697708961586 59.14027404785156 0
1697708961999 60.001976013183594 0
1697708962411 60.36508560180664 0
1697708962825 62.57049560546875 0
1697708963238 61.4451904296875 0
1697708963654 59.343910217285156 0
1697708964101 59.39396286010742 0
1697708964516 60.53763198852539 0
1697708964929 58.27679443359375 0
1697708965369 58.801414489746094 0
1697708965782 57.460880279541016 0
1697708966195 58.70220947265625 0
1697708966609 59.146488189697266 0
1697708967023 59.332908630371094 0
1697708967437 60.463104248046875 0
1697708967885 57.244873046875 0
1697708968299 56.66436004638672 0
1697708968744 57.08393478393555 0
1697708969195 56.28825378417969 0
1697708969656 57.09522247314453 0
1697708970112 57.506717681884766 0
1697708970568 57.66183853149414 0
1697708971000 57.17667770385742 0
1697708971422 58.56935501098633 0
1697708971848 59.198184967041016 0
1697708972293 58.23397445678711 0
1697708972743 57.40278244018555 0
1697708973200 58.09468460083008 0
1697708973657 56.7427978515625 0
1697708974108 57.407657623291016 0
1697708974559 58.8024787902832 0
1697708975010 58.01991271972656 0
1697708975429 57.9346923828125 0
1697708975843 58.956016540527344 0
1697708976258 58.44896697998047 0
1697708976672 58.55847930908203 0
1697708977103 58.75931930541992 0
1697708977517 62.200660705566406 0
1697708977950 64.05551147460938 0
1697708978363 64.7724609375 0
1697708978776 66.04273223876953 0
1697708979189 64.88481903076172 0
1697708979603 63.47017288208008 0
1697708980016 61.83440399169922 0
1697708980429 62.701168060302734 0
1697708980842 60.68638610839844 0
1697708981271 61.49953842163086 0
1697708981687 60.537445068359375 0
1697708982100 60.70852279663086 0
1697708982547 60.559791564941406 0
1697708982986 58.53358840942383 0
1697708983442 57.27167510986328 0
1697708983885 55.592918395996094 0
1697708984301 56.747581481933594 0
1697708984718 56.070709228515625 0
1697708985132 59.08695983886719 0
1697708985575 57.54399490356445 0
1697708985995 57.03533172607422 0
1697708986414 58.093441009521484 0
1697708986829 56.82961654663086 0
1697708987270 55.03108215332031 0
1697708987686 53.93342971801758 0
1697708988099 53.218692779541016 0
1697708988514 54.44073486328125 0
1697708988928 54.89976501464844 0
1697708989371 56.00821304321289 0
1697708989811 56.63291931152344 0
1697708990229 57.20722961425781 0
1697708990667 59.60187911987305 0
1697708991115 57.118656158447266 0
1697708991538 58.08586120605469 0
1697708991962 55.955387115478516 0
1697708992379 54.745243072509766 0
1697708992803 54.457252502441406 0
1697708993226 53.978912353515625 0
1697708993645 54.98948669433594 0
1697708994063 56.073917388916016 0
1697708994497 57.14107131958008 0
1697708994917 56.61191177368164 0
1697708995330 55.226173400878906 0
1697708995752 55.51268005371094 0
1697708996203 54.914878845214844 0
1697708996631 54.89661407470703 0
1697708997050 51.99075698852539 0
1697708997464 52.999637603759766 0
1697708997918 50.916542053222656 0
1697708998345 51.230796813964844 0
1697708998793 51.60189437866211 0
1697708999217 51.16764450073242 0
1697708999635 51.64615249633789 0
1697709000050 51.915828704833984 0
1697709000468 52.79914093017578 0
1697709000883 54.071990966796875 0
1697709001300 55.38473892211914 0
1697709001743 56.54880905151367 0
1697709002156 56.30030822753906 0
1697709002569 53.60188674926758 0
1697709002982 54.38157653808594 0
1697709003394 53.02696990966797 0
1697709003807 51.996665954589844 0
1697709004221 51.95500183105469 0
1697709004654 52.00783920288086 0
1697709005067 51.59180450439453 0
1697709005482 52.8807487487793 0
1697709005894 51.336036682128906 0
1697709006306 52.72597885131836 0
1697709006718 50.91057205200195 0
1697709007131 52.85004806518555 0
1697709007543 52.20206069946289 0
1697709007956 52.52571487426758 0
1697709008369 52.650638580322266 0
1697709008795 52.893131256103516 0
1697709009218 53.77609634399414 0
1697709009640 54.09553527832031 0
1697709010056 55.0338249206543 0
1697709010474 56.85783767700195 0
1697709010890 56.523738861083984 0
1697709011308 56.22468566894531 0
1697709011726 56.55957794189453 0
1697709012142 55.344078063964844 0
1697709012556 55.06107711791992 0
1697709012975 54.61796188354492 0
1697709013393 56.30491638183594 0
1697709013809 55.249393463134766 0
1697709014227 54.83958053588867 0
1697709014644 53.06147003173828 0
1697709015059 53.3653678894043 0
1697709015476 50.832401275634766 0
1697709015893 50.961185455322266 0
1697709016310 50.40659713745117 0
1697709016730 49.25437545776367 0
1697709017154 48.015750885009766 0
1697709017569 48.42239761352539 0
1697709017986 49.88532257080078 0
1697709018405 51.014400482177734 0
1697709018825 49.77141571044922 0
1697709019243 49.680240631103516 0
1697709019661 48.914276123046875 0
1697709020078 48.616493225097656 0
1697709020495 49.02366638183594 0
1697709020913 49.01493835449219 0
1697709021333 50.51987075805664 0
1697709021749 50.53002166748047 0
1697709022168 48.068416595458984 0
1697709022587 48.84485626220703 0
1697709023003 48.145652770996094 0
1697709023420 49.50794982910156 0
1697709023839 48.35673904418945 0
1697709024257 48.70111846923828 0
1697709024675 48.685787200927734 0
1697709025095 48.8273811340332 0
1697709025511 50.010276794433594 0
1697709025928 49.582237243652344 0
1697709026347 48.232234954833984 0
1697709026767 47.473182678222656 0
1697709027185 48.59537887573242 0
1697709027602 46.11384582519531 0
1697709028020 46.31538009643555 0
1697709028438 46.696964263916016 0
1697709028855 46.11933898925781 0
1697709029274 46.829986572265625 0
1697709029692 47.7265510559082 0
1697709030109 50.27692413330078 0
1697709030525 49.39929962158203 0
1697709030944 49.55342102050781 0
1697709031361 49.20650863647461 0
1697709031782 50.56611633300781 0
1697709032200 50.27528762817383 0
1697709032619 49.321929931640625 0
1697709033034 48.762699127197266 0
1697709033452 48.37106704711914 0
1697709033872 46.913665771484375 0
1697709034289 47.88374710083008 0
1697709034707 49.96562576293945 0
1697709035126 50.94603729248047 0
1697709035540 51.22508239746094 0
1697709035954 50.31658935546875 0
1697709036374 50.36845779418945 0
1697709036794 50.45273971557617 0
1697709037210 48.74267578125 0
1697709037628 48.758888244628906 0
1697709038045 46.879302978515625 0
1697709038460 47.25038146972656 0
1697709038877 47.07926940917969 0
1697709039297 47.4339714050293 0
1697709039713 47.40149688720703 0
1697709040131 48.65414047241211 0
1697709040548 47.43655776977539 0
1697709040963 45.1812858581543 0
1697709041382 45.658939361572266 0
1697709041806 45.555320739746094 0
1697709042225 45.83491516113281 0
1697709042642 46.34111785888672 0
1697709043058 48.00828552246094 0
1697709043476 48.821983337402344 0
1697709043892 49.19264602661133 0
1697709044311 49.080326080322266 0
1697709044729 46.6784553527832 0
1697709045146 47.58409881591797 0
1697709045561 46.71461868286133 0
1697709045978 50.28955078125 0
1697709046397 59.46527862548828 0
1697709046820 72.48767852783203 0
1697709047239 56.667320251464844 0
1697709047656 53.47702407836914 0
1697709048071 54.63108825683594 0
1697709048493 54.36917495727539 0
1697709048914 57.178985595703125 0
1697709049333 59.465179443359375 0
1697709049751 57.88233947753906 0
1697709050169 54.76418685913086 0
1697709050586 51.32441329956055 0
1697709051004 50.395511627197266 0
1697709051422 49.42312240600586 0
1697709051848 47.499908447265625 0
1697709052264 48.10087203979492 0
1697709052682 47.15265655517578 0
1697709053104 47.695884704589844 0
1697709053518 49.510597229003906 0
1697709053937 50.29402542114258 0
1697709054356 49.48978042602539 0
1697709054773 49.71004867553711 0
1697709055192 47.870296478271484 0
1697709055610 46.999664306640625 0
1697709056026 45.55703353881836 0
1697709056442 45.7375373840332 0
1697709056861 45.52790451049805 0
1697709057280 45.15409851074219 0
1697709057697 46.60285949707031 0
1697709058116 46.30021667480469 0
1697709058534 45.786399841308594 0
1697709058948 45.08877182006836 0
1697709059367 44.8807258605957 0
1697709059785 43.994991302490234 0
1697709060205 42.985313415527344 0
1697709060622 43.582374572753906 0
1697709061037 43.142845153808594 0
1697709061456 43.520118713378906 0
1697709061873 43.55450439453125 0
1697709062292 44.07441711425781 0
1697709062711 43.11205291748047 0
1697709063127 42.208152770996094 0
1697709063551 41.38206100463867 0
1697709063996 40.90540313720703 0
1697709064439 42.34391784667969 0
1697709064853 41.41114807128906 0
1697709065282 41.72319412231445 0
1697709065718 41.152156829833984 0
1697709066139 42.19302749633789 0
1697709066554 42.04129409790039 0
1697709066969 41.17060089111328 0
1697709067385 42.06124496459961 0
1697709067804 40.745304107666016 0
1697709068220 40.64781188964844 0
1697709068655 40.38835144042969 0
1697709069084 40.2669677734375 0
1697709069516 40.46726989746094 0
1697709069937 41.50697708129883 0
1697709070357 40.848018646240234 0
1697709070771 39.95771789550781 0
1697709071184 39.52345657348633 0
1697709071599 42.355262756347656 0
1697709072013 42.25540542602539 0
1697709072431 41.55113220214844 0
1697709072851 40.576236724853516 0
1697709073280 39.87767028808594 0
1697709073710 39.429779052734375 0
1697709074125 39.282386779785156 0
1697709074556 38.79073715209961 0
1697709074970 38.462406158447266 0
1697709075397 39.206214904785156 0
1697709075825 39.74827575683594 0
1697709076247 39.573211669921875 0
1697709076668 40.4471435546875 0
1697709077092 39.5251579284668 0
1697709077520 40.192840576171875 0
1697709077944 39.69817352294922 0
1697709078366 39.41598892211914 0
1697709078780 39.44277572631836 0
1697709079193 39.65361022949219 0
1697709079606 39.02197265625 0
1697709080020 39.05167007446289 0
1697709080433 38.79075622558594 0
1697709080846 37.7960319519043 0
1697709081260 38.934226989746094 0
1697709081673 39.33048629760742 0
1697709082086 39.97391891479492 0
1697709082500 38.701969146728516 0
1697709082914 39.008087158203125 0
1697709083327 39.37037658691406 0
1697709083740 40.05606460571289 0
1697709084154 39.759117126464844 0
1697709084589 38.957496643066406 0
1697709085003 39.255332946777344 0
1697709085415 38.755924224853516 0
1697709085828 38.70352554321289 0
1697709086241 38.662994384765625 0
1697709086655 38.49858856201172 0
1697709087068 39.11448287963867 0
1697709087481 39.557865142822266 0
1697709087910 39.75142288208008 0
1697709088350 40.727149963378906 0
1697709088767 43.18387222290039 0
1697709089213 48.90802764892578 0
1697709089653 61.56303405761719 0
1697709090093 57.1619758605957 0
1697709090521 52.04279708862305 0
1697709090938 53.63617706298828 0
1697709091355 50.116756439208984 0
1697709091774 46.53339767456055 0
1697709092197 44.199737548828125 0
1697709092612 42.98370361328125 0
1697709093031 42.71373748779297 0
1697709093449 44.789398193359375 0
1697709093868 46.474422454833984 0
1697709094291 46.405738830566406 0
1697709094710 47.246395111083984 0
1697709095127 48.24164581298828 0
1697709095546 47.855533599853516 0
1697709095980 50.41393280029297 0
1697709096402 52.43094253540039 0
1697709096822 54.620391845703125 0
1697709097236 54.7651252746582 0
1697709097664 56.545101165771484 0
1697709098093 59.68152618408203 0
1697709098511 62.71198654174805 0
1697709098925 60.87308120727539 0
1697709099337 61.49882507324219 0
1697709099751 59.740623474121094 0
1697709100166 56.94219207763672 0
1697709100581 52.88494873046875 0
1697709101000 50.89933395385742 0
1697709101414 47.87993240356445 0
1697709101828 44.67960739135742 0
1697709102244 43.82220458984375 0
1697709102666 42.58245849609375 0
1697709103081 42.3065071105957 0
1697709103495 42.702850341796875 0
1697709103910 42.152313232421875 0
1697709104322 41.33707046508789 0
1697709104736 39.89585876464844 0
1697709105192 40.007484436035156 0
1697709105652 40.230987548828125 0
1697709106109 40.25551986694336 0
1697709106566 39.0237922668457 0
1697709106999 39.51992416381836 0
1697709107427 39.239681243896484 0
1697709107852 38.248207092285156 0
1697709108274 38.0244026184082 0
1697709108697 38.19370651245117 0
1697709109126 38.48468780517578 0
1697709109542 36.65325927734375 0
1697709109965 37.057830810546875 0
1697709110394 36.340309143066406 0
1697709110807 36.56272888183594 0
1697709111237 37.79511260986328 0
1697709111651 37.06282424926758 0
1697709112064 37.287384033203125 0
1697709112477 36.23732376098633 0
1697709112900 36.41251754760742 0
1697709113321 35.25687789916992 0
1697709113738 35.62583923339844 0
1697709114153 35.90058517456055 0
1697709114580 36.211936950683594 0
1697709114994 36.427879333496094 0
1697709115408 35.60914993286133 0
1697709115820 37.1192741394043 0
1697709116238 37.18913650512695 0
1697709116676 37.49000930786133 0
1697709117125 37.610870361328125 0
1697709117567 36.22858810424805 0
1697709118002 35.36741638183594 0
1697709118430 34.95405960083008 0
1697709118850 35.67643737792969 0
1697709119267 34.943328857421875 0
1697709119699 34.87771224975586 0
1697709120151 35.23442840576172 0
1697709120605 36.437461853027344 0
1697709121025 35.73997116088867 0
1697709121440 36.248958587646484 0
1697709121853 35.45325469970703 0
1697709122267 35.49288558959961 0
1697709122693 35.56205368041992 0
1697709123130 33.88157653808594 0
1697709123545 34.20071792602539 0
1697709123959 34.80366516113281 0
1697709124372 33.8544921875 0
1697709124786 34.3795280456543 0
1697709125227 33.85212326049805 0
1697709125642 33.2812385559082 0
1697709126056 34.66381072998047 0
1697709126499 35.48645782470703 0
1697709126916 35.446468353271484 0
1697709127339 34.49787521362305 0
1697709127760 34.737205505371094 0
1697709128176 33.80256652832031 0
1697709128592 33.7940673828125 0
1697709129006 34.3496208190918 0
1697709129419 33.09999465942383 0
1697709129834 34.133705139160156 0
1697709130249 34.05793762207031 0
1697709130664 34.54408645629883 0
1697709131080 34.84432601928711 0
1697709131495 34.29706954956055 0
1697709131910 32.95615768432617 0
1697709132325 33.07170486450195 0
1697709132741 32.27788543701172 0
1697709133156 33.04488754272461 0
1697709133570 32.82973861694336 0
1697709133983 32.98448181152344 0
1697709134398 32.332435607910156 0
1697709134818 32.43327331542969 0
1697709135239 32.508304595947266 0
1697709135657 32.35026931762695 0
1697709136074 32.7082633972168 0
1697709136495 32.302101135253906 0
1697709136912 32.07183837890625 0
1697709137330 31.856189727783203 0
1697709137749 32.18889617919922 0
1697709138165 31.260353088378906 0
1697709138582 31.5471248626709 0
1697709138998 30.782329559326172 0
1697709139413 31.537174224853516 0
1697709139829 31.789724349975586 0
1697709140249 32.512062072753906 0
1697709140672 32.82993698120117 0
1697709141094 32.02279281616211 0
1697709141513 33.12089920043945 0
1697709141931 33.126243591308594 0
1697709142351 32.72983169555664 0
1697709142796 33.267852783203125 0
1697709143215 34.20241165161133 0
1697709143639 33.59463119506836 0
1697709144053 32.52815628051758 0
1697709144468 32.014652252197266 0
1697709144881 31.853601455688477 0
1697709145295 31.690378189086914 0
1697709145729 31.106351852416992 0
1697709146143 32.62349319458008 0
1697709146557 33.22715377807617 0
1697709146970 32.95852279663086 0
1697709147385 32.68797302246094 0
1697709147817 33.21392822265625 0
1697709148241 33.124603271484375 0
1697709148655 32.1702880859375 0
1697709149072 32.53960418701172 0
1697709149498 32.095333099365234 0
1697709149951 31.52182388305664 0
1697709150384 31.18067741394043 0
1697709150804 31.49995994567871 0
1697709151235 31.875255584716797 0
1697709151666 32.12286376953125 0
1697709152101 31.595043182373047 0
1697709152528 31.416765213012695 0
1697709152945 31.102373123168945 0
1697709153358 30.484107971191406 0
1697709153786 30.3852481842041 0
1697709154248 30.477642059326172 0
1697709154679 29.53207015991211 0
1697709155122 31.026411056518555 0
1697709155551 30.422996520996094 0
1697709155975 30.091535568237305 0
1697709156419 30.481964111328125 0
1697709156873 31.292951583862305 0
1697709157318 29.44585609436035 0
1697709157733 30.04043960571289 0
1697709158151 29.3691349029541 0
1697709158570 29.541290283203125 0
1697709158983 29.45011329650879 0
1697709159397 29.351457595825195 0
1697709159810 29.279447555541992 0
1697709160229 28.944490432739258 0
1697709160646 29.536373138427734 0
1697709161077 30.055627822875977 0
1697709161533 29.942811965942383 0
1697709161952 29.920974731445312 0
1697709162366 29.70261573791504 0
1697709162780 28.638471603393555 0
1697709163193 28.555652618408203 0
1697709163607 29.152694702148438 0
1697709164019 29.546823501586914 0
1697709164435 29.526779174804688 0
1697709164848 30.025815963745117 0
1697709165265 29.477710723876953 0
1697709165687 29.331201553344727 0
1697709166105 29.95345115661621 0
1697709166520 29.87542152404785 0
1697709166935 29.881303787231445 0
1697709167348 29.879343032836914 0
1697709167767 29.352693557739258 0
1697709168185 28.8892879486084 0
1697709168602 29.13266372680664 0
1697709169015 29.4395809173584 0
1697709169428 29.50708770751953 0
1697709169858 30.527061462402344 0
1697709170311 30.352890014648438 0
1697709170731 30.059574127197266 0
1697709171146 29.91328239440918 0
1697709171559 29.478893280029297 0
1697709171972 29.790634155273438 0
1697709172410 28.86702537536621 0
1697709172831 28.73017692565918 0
1697709173256 28.76323127746582 0
1697709173688 28.29798698425293 0
1697709174113 28.953123092651367 0
1697709174546 30.65050506591797 0
1697709174972 30.19659423828125 0
1697709175397 30.561962127685547 0
1697709175829 30.15937614440918 0
1697709176254 30.000890731811523 0
1697709176677 30.187715530395508 0
1697709177117 30.598363876342773 0
1697709177591 30.500730514526367 0
1697709178042 30.96068572998047 0
1697709178470 30.316240310668945 0
1697709178900 29.92273712158203 0
1697709179324 29.89762306213379 0
1697709179741 28.606958389282227 0
1697709180157 28.822471618652344 0
1697709180571 28.728614807128906 0
1697709180984 28.187421798706055 0
1697709181407 28.632875442504883 0
1697709181825 28.61319351196289 0
1697709182244 29.04486846923828 0
1697709182663 29.0651912689209 0
1697709183080 29.010412216186523 0
1697709183505 28.208498001098633 0
1697709183928 28.044361114501953 0
1697709184347 28.429655075073242 0
1697709184765 27.91663932800293 0
1697709185185 27.05613136291504 0
1697709185607 27.302989959716797 0
1697709186029 26.979129791259766 0
1697709186456 27.42129898071289 0
1697709186903 27.421964645385742 0
1697709187355 27.623859405517578 0
1697709187823 27.102916717529297 0
1697709188258 26.556415557861328 0
1697709188672 26.464210510253906 0
1697709189104 26.517131805419922 0
1697709189562 26.06755256652832 0
1697709190017 26.36318016052246 0
1697709190475 26.292552947998047 0
1697709190911 27.02163314819336 0
1697709191327 27.62431526184082 0
1697709191744 25.976043701171875 0
1697709192163 26.620214462280273 0
1697709192580 26.84883689880371 0
1697709193012 27.42921257019043 0
1697709193472 28.35645294189453 0
1697709193930 27.884035110473633 0
1697709194351 28.005268096923828 0
1697709194777 29.013166427612305 0
1697709195194 27.639562606811523 0
1697709195621 28.437700271606445 0
1697709196032 28.004484176635742 0
1697709196447 28.176721572875977 0
1697709196869 27.239290237426758 0
1697709197287 28.119827270507812 0
1697709197704 26.549640655517578 0
1697709198118 26.31891632080078 0
1697709198531 26.42061424255371 0
1697709198965 26.058252334594727 0
1697709199407 26.535158157348633 0
1697709199830 26.67038345336914 0
1697709200259 26.21128273010254 0
1697709200690 27.775964736938477 0
1697709201126 27.636659622192383 0
1697709201540 26.59812355041504 0
1697709201955 25.796072006225586 0
1697709202369 26.3687801361084 0
1697709202785 26.603302001953125 0
1697709203200 25.824676513671875 0
1697709203613 24.74671745300293 0
1697709204028 25.381954193115234 0
1697709204443 25.19575309753418 0
1697709204857 26.083614349365234 0
1697709205272 26.30354881286621 0
1697709205687 25.91841697692871 0
1697709206100 26.711795806884766 0
1697709206514 26.45384407043457 0
1697709206929 25.18731117248535 0
1697709207344 25.121746063232422 0
1697709207759 24.068384170532227 0
1697709208174 24.46329116821289 0
1697709208586 25.0124568939209 0
1697709209001 24.98541259765625 0
1697709209417 25.720460891723633 0
1697709209832 26.905492782592773 0
1697709210247 27.166677474975586 0
1697709210660 27.27366065979004 0
1697709211075 27.433330535888672 0
1697709211490 26.62827491760254 0
1697709211904 26.394657135009766 0
1697709212320 25.413686752319336 0
1697709212738 25.986421585083008 0
1697709213190 26.98472023010254 0
1697709213617 29.36695671081543 0
1697709214045 31.369722366333008 0
1697709214470 33.29418182373047 0
1697709214896 34.209754943847656 0
1697709215326 33.805301666259766 0
1697709215744 34.62062454223633 0
1697709216168 33.06385040283203 0
1697709216582 32.50352478027344 0
1697709216996 32.49958038330078 0
1697709217427 32.860443115234375 0
1697709217855 33.14394760131836 0
1697709218278 35.08463668823242 0
1697709218702 36.44451141357422 0
1697709219121 42.897762298583984 0
1697709219549 46.93120193481445 0
1697709219963 46.40697479248047 0
1697709220380 41.34711837768555 0
1697709220810 46.521663665771484 0
1697709221234 83.79059600830078 0
1697709221653 46.53640365600586 0
1697709222080 40.49209213256836 0
1697709222510 42.04331970214844 0
1697709222924 49.916412353515625 0
1697709223355 39.20381164550781 0
1697709223783 43.52706527709961 0
1697709224212 48.869041442871094 0
1697709224629 42.511878967285156 0
1697709225047 40.65806198120117 0
1697709225462 40.28413772583008 0
1697709225879 37.105430603027344 0
1697709226304 32.939842224121094 0
1697709226727 31.191619873046875 0
1697709227165 30.675321578979492 0
1697709227587 31.00020408630371 0
1697709228011 31.6834716796875 0
1697709228437 31.31195640563965 0
1697709228863 30.86643409729004 0
1697709229283 28.864364624023438 0
1697709229713 27.711259841918945 0
1697709230138 27.935850143432617 0
1697709230566 26.399208068847656 0
1697709230993 26.08498191833496 0
1697709231414 25.770627975463867 0
1697709231838 25.69969367980957 0
1697709232259 26.532211303710938 0
1697709232687 26.63968849182129 0
1697709233104 26.04386329650879 0
1697709233529 25.7779541015625 0
1697709233946 25.341238021850586 0
1697709234367 24.63347625732422 0
1697709234806 24.049192428588867 0
1697709235260 23.46693992614746 0
1697709235714 23.62710189819336 0
1697709236146 24.020681381225586 0
1697709236573 23.223548889160156 0
1697709237008 23.240503311157227 0
1697709237434 23.817832946777344 0
1697709237851 23.25274085998535 0
1697709238270 23.2927188873291 0
1697709238700 23.891382217407227 0
1697709239122 23.106517791748047 0
1697709239552 23.185070037841797 0
1697709239980 23.45558738708496 0
1697709240408 23.571239471435547 0
1697709240830 22.488065719604492 0
1697709241276 22.18452262878418 0
1697709241728 21.48710060119629 0
1697709242163 21.840856552124023 0
1697709242578 22.229957580566406 0
1697709242994 22.54945182800293 0
1697709243410 22.205114364624023 0
1697709243827 23.18103790283203 0
1697709244245 22.593782424926758 0
1697709244668 22.988388061523438 0
1697709245092 23.37632942199707 0
1697709245517 23.00909423828125 0
1697709245937 22.343158721923828 0
1697709246355 22.131088256835938 0
1697709246791 21.7504825592041 0
1697709247214 22.97347068786621 0
1697709247645 22.374832153320312 0
1697709248082 22.29546356201172 0
1697709248505 22.784194946289062 0
1697709248939 22.302595138549805 0
1697709249358 22.271099090576172 0
1697709249781 22.132232666015625 0
1697709250232 22.5252628326416 0
1697709250682 22.157325744628906 0
1697709251105 22.213125228881836 0
1697709251533 22.6395263671875 0
1697709251964 23.0777587890625 0
1697709252386 22.977005004882812 0
1697709252808 23.11841583251953 0
1697709253224 22.60736083984375 0
1697709253648 22.55289077758789 0
1697709254074 23.36627769470215 0
1697709254502 25.713624954223633 0
1697709254929 27.86067771911621 0
1697709255373 28.342758178710938 0
1697709255789 28.317699432373047 0
1697709256240 27.626253128051758 0
1697709256668 29.16703987121582 0
1697709257114 28.675064086914062 0
1697709257542 26.70746421813965 0
1697709257962 27.515735626220703 0
1697709258385 30.135757446289062 0
1697709258829 30.03769302368164 0
1697709259255 31.729629516601562 0
1697709259681 34.15901184082031 0
1697709260104 34.99542999267578 0
1697709260539 38.12480163574219 0
1697709260976 38.96052932739258 0
1697709261432 39.110694885253906 0
1697709261858 41.2122802734375 0
1697709262276 45.9553337097168 0
1697709262714 46.9899787902832 0
1697709263133 46.46021270751953 0
1697709263562 45.56388473510742 0
1697709263990 44.38114547729492 0
1697709264411 41.61729049682617 0
1697709264840 41.25773620605469 0
1697709265258 44.48468780517578 0
1697709265676 40.9956169128418 0
1697709266113 40.14907455444336 0
1697709266545 39.163944244384766 0
1697709266968 37.44274139404297 0
1697709267387 37.165245056152344 0
1697709267806 35.16228103637695 0
1697709268226 34.162235260009766 0
1697709268644 33.35081100463867 0
1697709269062 31.6117000579834 0
1697709269476 31.12299346923828 0
1697709269891 30.219482421875 0
1697709270309 29.645973205566406 0
1697709270726 28.45269775390625 0
1697709271144 29.717010498046875 0
1697709271562 27.628206253051758 0
1697709271978 28.27367401123047 0
1697709272395 27.014453887939453 0
1697709272813 26.482145309448242 0
1697709273230 26.699813842773438 0
1697709273645 25.58415985107422 0
1697709274063 25.58004379272461 0
1697709274479 25.30390167236328 0
1697709274895 24.6901798248291 0
1697709275314 24.73846435546875 0
1697709275734 25.4958438873291 0
1697709276152 24.033119201660156 0
1697709276592 23.77399253845215 0
1697709277043 23.916767120361328 0
1697709277466 23.06220817565918 0
1697709277916 23.229900360107422 0
1697709278369 23.0831298828125 0
1697709278791 22.697723388671875 0
1697709279204 22.795848846435547 0
1697709279618 22.43438720703125 0
1697709280033 22.523164749145508 0
1697709280445 22.37763214111328 0
1697709280858 21.602174758911133 0
1697709281277 21.69192886352539 0
1697709281694 21.588926315307617 0
1697709282114 22.326858520507812 0
1697709282538 22.031536102294922 0
1697709282970 21.713672637939453 0
1697709283382 21.702287673950195 0
1697709283796 21.721010208129883 0
1697709284211 22.25806427001953 0
1697709284624 21.535818099975586 0
1697709285039 21.73616600036621 0
1697709285453 21.66577911376953 0
1697709285866 21.548465728759766 0
1697709286295 21.585134506225586 0
1697709286731 21.45853042602539 0
1697709287153 21.20156478881836 0
1697709287568 21.1344051361084 0
1697709287982 20.84101676940918 0
1697709288396 21.1651554107666 0
1697709288844 20.777856826782227 0
1697709289279 20.635507583618164 0
1697709289702 20.2709903717041 0
1697709290118 20.59326171875 0
1697709290540 20.527360916137695 0
1697709290970 20.280651092529297 0
1697709291388 20.12041473388672 0
1697709291807 20.173059463500977 0
1697709292235 20.832550048828125 0
1697709292668 20.66507911682129 0
1697709293090 20.904691696166992 0
1697709293509 20.510604858398438 0
1697709293925 20.582061767578125 0
1697709294344 20.29976463317871 0
1697709294765 20.13393783569336 0
1697709295181 19.62472152709961 0
1697709295598 19.968116760253906 0
1697709296029 19.71780776977539 0
1697709296450 19.38609504699707 0
1697709296867 19.906980514526367 0
1697709297285 19.97452163696289 0
1697709297703 19.295576095581055 0
1697709298121 19.59539794921875 0
1697709298539 19.281084060668945 0
1697709298959 19.56756019592285 0
1697709299376 19.05544090270996 0
1697709299820 18.86593246459961 0
1697709300274 19.56142807006836 0
1697709300732 19.350608825683594 0
1697709301178 19.309553146362305 0
1697709301603 19.61949920654297 0
1697709302021 20.74842643737793 0
1697709302442 20.47593116760254 0
1697709302870 20.52557945251465 0
1697709303290 21.340377807617188 0
1697709303708 21.076148986816406 0
1697709304129 20.94215202331543 0
1697709304545 20.98418426513672 0
1697709304958 21.53113555908203 0
1697709305373 21.095996856689453 0
1697709305788 21.52009391784668 0
1697709306208 21.11771011352539 0
1697709306626 20.983259201049805 0
1697709307040 21.382484436035156 0
1697709307473 21.478778839111328 0
1697709307936 22.16782569885254 0
1697709308404 22.317785263061523 0
1697709308841 22.072851181030273 0
1697709309262 22.02300453186035 0
1697709309692 21.882976531982422 0
1697709310111 20.507844924926758 0
1697709310531 20.598466873168945 0
1697709310961 19.83260154724121 0
1697709311376 20.117156982421875 0
1697709311794 19.79523468017578 0
1697709312211 19.815086364746094 0
1697709312629 19.79161834716797 0
1697709313048 19.652055740356445 0
1697709313470 20.197412490844727 0
1697709313893 19.70726203918457 0
1697709314352 19.704097747802734 0
1697709314809 19.317575454711914 0
1697709315264 19.466455459594727 0
1697709315697 18.79467010498047 0
1697709316113 18.63201141357422 0
1697709316528 18.614662170410156 0
1697709316951 18.409072875976562 0
1697709317363 18.86778450012207 0
1697709317778 18.560577392578125 0
1697709318192 17.868133544921875 0
1697709318607 18.410280227661133 0
1697709319020 18.716508865356445 0
1697709319435 18.658252716064453 0
1697709319849 18.520662307739258 0
1697709320262 18.850875854492188 0
1697709320677 18.845827102661133 0
1697709321091 18.384756088256836 0
1697709321515 18.839828491210938 0
1697709321927 18.8929500579834 0
1697709322347 18.786514282226562 0
1697709322761 19.070070266723633 0
1697709323187 18.953495025634766 0
1697709323599 18.723112106323242 0
1697709324016 18.55545425415039 0
1697709324431 18.529983520507812 0
1697709324845 18.68447494506836 0
1697709325299 18.75790786743164 0
1697709325753 18.976924896240234 0
1697709326210 18.76243782043457 0
1697709326642 18.642127990722656 0
1697709327060 18.533790588378906 0
1697709327476 17.439281463623047 0
1697709327893 18.399974822998047 0
1697709328326 18.21260643005371 0
1697709328746 18.187942504882812 0
1697709329163 18.136632919311523 0
1697709329585 18.035663604736328 0
1697709330039 18.30898666381836 0
1697709330491 18.280609130859375 0
1697709330923 18.115652084350586 0
1697709331338 17.7189884185791 0
1697709331759 17.718595504760742 0
1697709332204 17.301916122436523 0
1697709332650 17.53485870361328 0
1697709333089 17.443832397460938 0
1697709333551 17.415067672729492 0
1697709333981 17.596742630004883 0
1697709334396 17.09931182861328 0
1697709334810 17.45137596130371 0
1697709335226 17.218528747558594 0
1697709335651 17.735050201416016 0
1697709336070 17.426076889038086 0
1697709336485 17.507354736328125 0
1697709336898 17.098711013793945 0
1697709337338 17.042451858520508 0
1697709337786 17.348846435546875 0
1697709338244 17.27739906311035 0
1697709338694 17.03781509399414 0
1697709339123 17.01620101928711 0
1697709339550 17.235036849975586 0
1697709339974 17.130393981933594 0
1697709340391 17.08202362060547 0
1697709340828 17.17684555053711 0
1697709341278 16.877700805664062 0
1697709341731 16.731918334960938 0
1697709342153 17.025367736816406 0
1697709342572 17.09823226928711 0
1697709343033 16.890676498413086 0
1697709343462 16.518827438354492 0
1697709343911 17.14980697631836 0
1697709344336 16.829299926757812 0
1697709344781 16.54206085205078 0
1697709345231 16.61557388305664 0
1697709345677 16.730613708496094 0
1697709346131 16.42530632019043 0
1697709346564 16.693439483642578 0
1697709346979 16.800212860107422 0
1697709347398 16.458969116210938 0
1697709347823 16.590242385864258 0
1697709348236 16.698589324951172 0
1697709348651 16.8979434967041 0
1697709349065 16.8607120513916 0
1697709349477 16.62725067138672 0
1697709349895 16.454614639282227 0
1697709350329 16.38791275024414 0
1697709350772 16.72864532470703 0
1697709351189 16.312070846557617 0
1697709351604 16.88590431213379 0
1697709352018 16.148113250732422 0
1697709352446 16.222572326660156 0
1697709352896 16.574769973754883 0
1697709353353 16.693132400512695 0
1697709353801 16.32674789428711 0
1697709354228 16.703794479370117 0
1697709354656 16.729475021362305 0
1697709355096 16.598289489746094 0
1697709355514 16.335594177246094 0
1697709355939 16.9107608795166 0
1697709356357 16.71576499938965 0
1697709356772 16.21529197692871 0
1697709357190 16.64206886291504 0
1697709357607 16.898832321166992 0
1697709358023 16.386058807373047 0
1697709358438 16.816843032836914 0
1697709358856 16.66187858581543 0
1697709359273 16.57069206237793 0
1697709359691 16.196884155273438 0
1697709360124 16.38850975036621 0
1697709360548 16.106098175048828 0
1697709360969 15.305471420288086 0
1697709361393 15.903854370117188 0
1697709361810 16.2674560546875 0
1697709362240 15.934391975402832 0
1697709362670 16.061803817749023 0
1697709363089 16.245494842529297 0
1697709363506 16.291948318481445 0
1697709363923 16.20452880859375 0
1697709364344 16.212369918823242 0
1697709364767 16.959033966064453 0
1697709365187 16.243465423583984 0
1697709365615 16.571191787719727 0
1697709366034 16.553037643432617 0
1697709366476 17.314250946044922 0
1697709366900 17.743057250976562 0
1697709367324 17.039321899414062 0
1697709367740 16.756868362426758 0
1697709368159 16.63306999206543 0
1697709368597 16.452957153320312 0
1697709369021 16.518341064453125 0
1697709369443 16.82720947265625 0
1697709369862 16.58952522277832 0
1697709370286 16.82496452331543 0
1697709370711 16.268096923828125 0
1697709371134 16.04831886291504 0
1697709371588 16.320768356323242 0
1697709372020 15.89777660369873 0
1697709372441 15.846540451049805 0
1697709372869 15.836760520935059 0
1697709373294 15.742728233337402 0
1697709373720 15.769157409667969 0
1697709374139 15.436381340026855 0
1697709374569 15.425299644470215 0
1697709374989 14.958024024963379 0
1697709375411 15.091133117675781 0
1697709375830 14.817959785461426 0
1697709376248 15.41087818145752 0
1697709376679 15.3026762008667 0
1697709377130 15.498191833496094 0
1697709377554 15.466706275939941 0
1697709378010 15.107959747314453 0
1697709378429 15.058676719665527 0
1697709378854 14.559511184692383 0
1697709379294 15.034943580627441 0
1697709379742 15.104572296142578 0
1697709380167 14.772149085998535 0
1697709380636 14.835967063903809 0
1697709381076 14.74968433380127 0
1697709381501 14.72923755645752 0
1697709381917 13.9286527633667 0
1697709382344 14.650936126708984 0
1697709382756 14.50623607635498 0
1697709383170 14.864481925964355 0
1697709383584 14.944323539733887 0
1697709383997 14.61361026763916 0
1697709384411 14.461053848266602 0
1697709384824 14.769551277160645 0
1697709385245 14.726234436035156 0
1697709385667 14.5118408203125 0
1697709386085 14.467693328857422 0
1697709386507 14.80284595489502 0
1697709386934 14.575789451599121 0
1697709387354 14.464767456054688 0
1697709387771 14.556174278259277 0
1697709388184 13.724332809448242 0
1697709388601 13.96601676940918 0
1697709389016 13.861554145812988 0
1697709389429 14.280045509338379 0
1697709389843 14.124547958374023 0
1697709390256 13.891435623168945 0
1697709390678 13.908467292785645 0
1697709391105 14.10011100769043 0
1697709391523 13.721104621887207 0
1697709391945 14.07891845703125 0
1697709392358 13.842068672180176 0
1697709392778 13.92849063873291 0
1697709393192 13.666592597961426 0
1697709393606 13.478347778320312 0
1697709394019 13.718592643737793 0
1697709394452 13.88237190246582 0
1697709394875 13.793272018432617 0
1697709395297 13.643523216247559 0
1697709395713 13.668916702270508 0
1697709396131 13.760251998901367 0
1697709396543 13.63200855255127 0
1697709396956 13.753913879394531 0
1697709397369 13.608181953430176 0
1697709397781 13.480478286743164 0
1697709398193 13.569114685058594 0
1697709398605 13.393638610839844 0
1697709399018 13.327239990234375 0
1697709399431 13.380159378051758 0
1697709399843 13.700309753417969 0
1697709400255 13.390493392944336 0
1697709400668 13.4053373336792 0
1697709401083 13.443894386291504 0
1697709401507 13.259200096130371 0
1697709401924 13.474234580993652 0
1697709402339 13.382856369018555 0
1697709402757 13.548127174377441 0
1697709403175 13.364246368408203 0
1697709403587 13.336811065673828 0
1697709404000 13.078402519226074 0
1697709404412 12.936769485473633 0
1697709404825 13.355850219726562 0
1697709405243 13.61973762512207 0
1697709405656 13.386216163635254 0
1697709406071 14.150060653686523 0
1697709406483 13.319218635559082 0
1697709406895 13.164072036743164 0
1697709407320 13.520464897155762 0
1697709407734 13.024836540222168 0
1697709408154 13.25330638885498 0
1697709408569 13.413531303405762 0
1697709409015 13.356466293334961 0
1697709409477 13.263352394104004 0
1697709409946 13.589374542236328 0
1697709410382 13.386702537536621 0
1697709410818 13.867073059082031 0
1697709411246 13.878981590270996 0
1697709411667 13.749109268188477 0
1697709412081 13.437066078186035 0
1697709412497 13.661438941955566 0
1697709412921 13.229692459106445 0
1697709413341 13.182329177856445 0
1697709413770 13.555452346801758 0
1697709414216 13.256414413452148 0
1697709414657 13.499842643737793 0
1697709415073 13.437424659729004 0
1697709415496 13.838544845581055 0
1697709415913 13.495582580566406 0
1697709416333 13.59595012664795 0
1697709416759 14.149595260620117 0
1697709417181 13.750151634216309 0
1697709417600 13.787903785705566 0
1697709418018 14.087223052978516 0
1697709418436 13.880228042602539 0
1697709418851 14.112611770629883 0
1697709419266 13.796868324279785 0
1697709419684 13.256930351257324 0
1697709420101 13.520574569702148 0
1697709420517 13.423346519470215 0
1697709420935 13.742341995239258 0
1697709421359 14.29371452331543 0
1697709421784 14.9556303024292 0
1697709422234 16.16023826599121 0
1697709422689 19.763757705688477 0
1697709423112 30.961753845214844 0
1697709423536 21.911630630493164 0
1697709423955 23.866374969482422 0
