1697708241458 -50.61843490600586 0
1697708241570 -62.40573501586914 0
1697708241948 -70.87821960449219 0
1697708242351 -76.121337890625 0
1697708242753 -78.3697738647461 0
1697708243155 -79.16368865966797 0
1697708243559 -77.62747192382812 0
1697708243959 -64.20878601074219 0
1697708244361 -79.89574432373047 0
1697708244776 -77.21917724609375 0
1697708245199 -78.39346313476562 0
1697708245631 -79.12891387939453 0
1697708246069 -79.28487396240234 0
1697708246498 -79.27378845214844 0
1697708246942 -79.21060180664062 0
1697708247378 -79.47539520263672 0
1697708247796 -79.54026794433594 0
1697708248235 -80.07489776611328 0
1697708248668 -80.78385162353516 0
1697708249119 -81.3860855102539 0
1697708249549 -81.96781158447266 0
1697708249977 -82.3711166381836 0
1697708250387 -82.81394958496094 0
1697708250792 -83.316650390625 0
1697708251194 -83.66051483154297 0
1697708251595 -84.34077453613281 0
1697708252023 -85.10903930664062 0
1697708252458 -86.10566711425781 0
1697708252879 -87.34538269042969 0
1697708253308 -89.78153991699219 0
1697708253713 -91.30915069580078 0
1697708254156 -88.82907104492188 0
1697708254589 -84.49663543701172 0
1697708254992 -89.36839294433594 0
1697708255392 -88.4271240234375 0
1697708255790 -89.72748565673828 0
1697708256195 -89.66582489013672 0
1697708256598 -89.84817504882812 0
1697708256999 -91.56958770751953 0
1697708257403 -92.58600616455078 0
1697708257806 -93.38007354736328 0
1697708258206 -94.40988159179688 0
1697708258638 -94.43167114257812 0
1697708259058 -94.37464141845703 0
1697708259464 -95.04608154296875 0
1697708259868 -95.38402557373047 0
1697708260271 -96.37596893310547 0
1697708260673 -96.73676300048828 0
1697708261075 -96.65657043457031 0
1697708261482 -96.96031951904297 0
1697708261884 -97.38912200927734 0
1697708262287 -97.7476806640625 0
1697708262691 -98.10562133789062 0
1697708263091 -98.65868377685547 0
1697708263513 -98.88378143310547 0
1697708263913 -99.03179931640625 0
1697708264318 -99.24042510986328 0
1697708264723 -99.51002502441406 0
1697708265128 -99.93114471435547 0
1697708265529 -100.26244354248047 0
1697708265935 -100.59784698486328 0
1697708266339 -100.65096282958984 0
1697708266742 -100.82200622558594 0
1697708267147 -101.09772491455078 0
1697708267550 -101.31229400634766 0
1697708267957 -101.5879135131836 0
1697708268362 -101.78224182128906 0
1697708268766 -102.06400299072266 0
1697708269170 -102.16452026367188 0
1697708269577 -102.55155944824219 0
1697708269981 -102.47895812988281 0
1697708270386 -102.84109497070312 0
1697708270791 -103.15846252441406 0
1697708271196 -103.30253601074219 0
1697708271599 -103.58770751953125 0
1697708272003 -103.70663452148438 0
1697708272410 -104.03691864013672 0
1697708272815 -104.13025665283203 0
1697708273224 -104.19678497314453 0
1697708273632 -104.29034423828125 0
1697708274042 -104.52534484863281 0
1697708274447 -104.41050720214844 0
1697708274851 -104.3315200805664 0
1697708275256 -104.49542236328125 0
1697708275668 -105.02597045898438 0
1697708276076 -105.43305969238281 0
1697708276482 -105.39954376220703 0
1697708276887 -105.58384704589844 0
1697708277289 -105.7939453125 0
1697708277695 -105.97740936279297 0
1697708278101 -105.97724914550781 0
1697708278510 -106.43985748291016 0
1697708278918 -106.58821868896484 0
1697708279323 -106.6886215209961 0
1697708279731 -106.71484375 0
1697708280144 -106.8475112915039 0
1697708280546 -107.20841979980469 0
1697708280953 -107.28002166748047 0
1697708281361 -107.63894653320312 0
1697708281767 -107.63719940185547 0
1697708282174 -107.79684448242188 0
1697708282584 -107.97218322753906 0
1697708282990 -108.04883575439453 0
1697708283411 -108.33155059814453 0
1697708283819 -108.5391616821289 0
1697708284227 -108.65187072753906 0
1697708284633 -108.75887298583984 0
1697708285037 -108.93630981445312 0
1697708285450 -109.05664825439453 0
1697708285859 -109.21662139892578 0
1697708286266 -109.27532196044922 0
1697708286675 -109.36239624023438 0
1697708287081 -109.34786224365234 0
1697708287486 -109.4761734008789 0
1697708287898 -109.64832305908203 0
1697708288305 -109.88606262207031 0
1697708288712 -110.06403350830078 0
1697708289123 -110.37244415283203 0
1697708289530 -110.41204833984375 0
1697708289936 -110.48247528076172 0
1697708290343 -110.37637329101562 0
1697708290753 -110.66212463378906 0
1697708291161 -110.82315063476562 0
1697708291565 -111.09498596191406 0
1697708291977 -111.30439758300781 0
1697708292384 -111.22241973876953 0
1697708292793 -111.43812561035156 0
1697708293204 -111.681396484375 0
1697708293623 -111.84687042236328 0
1697708294028 -112.01030731201172 0
1697708294441 -112.16444396972656 0
1697708294851 -112.16993713378906 0
1697708295259 -112.22024536132812 0
1697708295667 -112.36196899414062 0
1697708296075 -112.39014434814453 0
1697708296484 -112.52571105957031 0
1697708296891 -112.7466812133789 0
1697708297302 -112.63058471679688 0
1697708297709 -112.60577392578125 0
1697708298119 -112.87175750732422 0
1697708298530 -113.10089874267578 0
1697708298939 -113.25357055664062 0
1697708299350 -113.3907699584961 0
1697708299759 -113.3322982788086 0
1697708300168 -113.02054595947266 0
1697708300576 -113.21609497070312 0
1697708300986 -113.68304443359375 0
1697708301396 -113.80964660644531 0
1697708301803 -113.73567199707031 0
1697708302212 -113.55326843261719 0
1697708302620 -113.51333618164062 0
1697708303030 -113.5091323852539 0
1697708303451 -113.6875 0
1697708303859 -113.74827575683594 0
1697708304271 -114.28187561035156 0
1697708304679 -114.55596923828125 0
1697708305084 -114.47674560546875 0
1697708305495 -114.68190002441406 0
1697708305905 -114.87513732910156 0
1697708306314 -115.04779815673828 0
1697708306723 -115.1802749633789 0
1697708307132 -115.03694915771484 0
1697708307542 -115.12320709228516 0
1697708307952 -114.75814819335938 0
1697708308357 -114.47537231445312 0
1697708308769 -114.6344985961914 0
1697708309178 -114.68675994873047 0
1697708309588 -114.16796875 0
1697708309998 -113.9700698852539 0
1697708310407 -114.24505615234375 0
1697708310816 -114.74256896972656 0
1697708311227 -114.73739624023438 0
1697708311632 -115.2155990600586 0
1697708312045 -115.70027160644531 0
1697708312455 -115.77273559570312 0
1697708312863 -116.05087280273438 0
1697708313283 -116.15034484863281 0
1697708313695 -116.01903533935547 0
1697708314103 -116.44477081298828 0
1697708314514 -116.54217529296875 0
1697708314924 -116.93912506103516 0
1697708315332 -116.8854751586914 0
1697708315754 -116.97002410888672 0
1697708316193 -117.05561828613281 0
1697708316638 -117.0616683959961 0
1697708317080 -117.3782958984375 0
1697708317491 -117.28070831298828 0
1697708317903 -117.41592407226562 0
1697708318312 -117.64679718017578 0
1697708318723 -117.74076843261719 0
1697708319177 -117.71380615234375 0
1697708319585 -117.82122039794922 0
1697708320008 -117.73149871826172 0
1697708320454 -117.85843658447266 0
1697708320887 -117.8632583618164 0
1697708321304 -117.95789337158203 0
1697708321717 -117.76390075683594 0
1697708322130 -117.89971160888672 0
1697708322544 -117.7854995727539 0
1697708322957 -117.51277160644531 0
1697708323371 -117.4605712890625 0
1697708323816 -116.67403411865234 0
1697708324256 -114.36744689941406 0
1697708324703 -112.70697021484375 0
1697708325133 -115.46713256835938 0
1697708325543 -118.00521850585938 0
1697708325989 -116.72047424316406 0
1697708326446 -117.68124389648438 0
1697708326876 -117.52522277832031 0
1697708327291 -117.30654907226562 0
1697708327706 -117.9561996459961 0
1697708328133 -117.9561996459961 0
1697708328555 -118.1322250366211 0
1697708328976 -117.32484436035156 0
1697708329397 -118.11421203613281 0
1697708329820 -118.32099914550781 0
1697708330240 -118.45185852050781 0
1697708330668 -118.57964324951172 0
1697708331085 -118.67359924316406 0
1697708331516 -118.83447265625 0
1697708331935 -119.19563293457031 0
1697708332344 -119.22407531738281 0
1697708332755 -118.8803939819336 0
1697708333164 -118.41873168945312 0
1697708333586 -118.2524185180664 0
1697708334020 -118.21391296386719 0
1697708334442 -118.69042205810547 0
1697708334852 -119.18168640136719 0
1697708335263 -119.7336196899414 0
1697708335672 -119.81999969482422 0
1697708336085 -119.90924835205078 0
1697708336512 -119.78311157226562 0
1697708336958 -119.63099670410156 0
1697708337408 -119.84722137451172 0
